10001000 01100101 10000100 01100001
10011011 01111001 10011100 10001100
10000111 01011010 10010111 01110001
10100101 01110110 10100110 10001111
01111010 01111110 10001101 01100100
10011110 10010110 10101100 10000100
01111001 10000101 10100101 01101011
10011001 10010011 11000111 10000101
01101100 01110001 10001011 10000001
10000001 10010111 10011100 10100011
01111000 01111011 10011011 01111000
10010000 10001101 10110001 10011111
10001010 01110001 10000011 01101110
10000010 01100110 10000010 01101111
10001101 01101001 10010001 01111011
10010111 01101001 10010001 01110010
10000001 01101111 10011011 01110111
01110110 01111011 10010001 01110000
10001001 10010000 10100001 01111111
10001011 10001010 10101001 01110111
01110100 01110010 10001000 10010011
01110110 01101101 10000110 01111011
01100111 01111111 10001110 10000011
01110110 01111110 10011001 10010011
01110100 01010101 01101111 01110001
10101111 01111011 10110010 10001101
10010000 01101101 10010000 01110010
10011110 01110010 10011100 10000011
01111000 01111001 10001100 01101101
10011011 10110100 10111001 10010000
10010001 10001111 10101101 01111011
10010010 10001001 10101111 01111101
01010110 01011111 01101000 01100101
10001010 10001011 10110010 10001010
01110010 10000000 10010111 10010011
10000000 10010000 10100000 10100000
