136 101 132 97 122 126 141 100 108 113 139 129
155 121 156 140 158 150 172 132 129 151 156 163
135 90 151 113 121 133 165 107 120 123 155 120
165 118 166 143 153 147 199 133 144 141 177 159
138 113 131 110 129 111 155 119 116 114 136 147
130 102 130 111 118 123 145 112 118 109 134 123
141 105 145 123 137 144 161 127 103 127 142 131
151 105 145 114 139 138 169 119 118 126 153 147
116 85 111 113 120 121 140 109 86 95 104 101
175 123 178 141 155 180 185 144 138 139 178 138
144 109 144 114 145 143 173 123 114 128 151 147
58 114 156 131 146 137 175 125 128 144 160 160
