18 17 176 44 -58 122 19 7 76 138 118 230 112 295 36 236 259 129 67 65 148 134 163 131 102 137 124 294 48 38 218 330 
-103 169 201 -88 -10 145 184 154 43 177 202 276 256 146 173 279 234 94 203 63 60 119 132 346 108 228 113 115 269 87 326 349 
48 58 134 -184 123 353 246 75 32 130 255 234 107 82 41 166 115 294 -7 153 -51 211 309 146 -52 -95 154 137 147 2 196 100 
178 -49 -68 9 68 268 114 -4 255 44 236 275 157 -122 132 199 122 136 191 290 210 329 176 210 -7 177 249 189 97 55 41 -25 
-78 19 121 -21 46 208 109 127 159 315 185 207 119 227 200 177 275 -19 346 189 468 389 330 207 403 56 394 125 -26 130 -52 5 
116 152 -86 167 149 104 195 216 66 149 332 221 322 161 314 243 -11 273 276 409 156 484 327 342 195 456 300 256 195 124 -42 96 
83 80 162 177 44 297 230 47 124 233 359 184 97 159 253 157 283 148 214 21 413 309 345 129 382 249 245 119 1 58 -54 -21 
41 254 -162 181 140 350 145 233 180 160 13 165 166 56 135 324 188 115 326 325 292 235 211 212 -57 214 369 154 114 48 -113 152 
62 -29 143 130 289 253 247 163 74 -41 200 83 193 -16 81 230 217 331 196 259 286 304 155 224 -60 270 233 258 91 74 226 146 
157 215 116 270 293 348 221 77 148 102 128 76 -20 152 38 183 323 215 274 114 162 245 286 111 72 24 298 132 261 111 122 165 
165 32 300 266 165 273 321 -57 157 168 133 161 162 79 183 281 186 241 -53 186 202 434 142 147 140 288 221 156 85 151 199 359 
100 216 292 207 390 181 29 167 183 179 171 49 218 270 293 240 251 254 51 77 331 193 245 279 251 372 150 98 110 236 181 37 
231 256 99 255 157 108 40 388 313 53 296 209 256 388 161 431 180 40 216 184 47 199 366 323 168 374 125 349 41 358 40 397 
196 79 257 85 217 55 66 306 39 245 176 222 241 137 195 140 235 70 307 -17 244 399 255 213 151 268 272 357 413 218 338 157 
6 236 86 311 97 142 184 234 312 30 346 153 165 -16 187 248 290 65 -78 310 274 274 218 186 27 282 471 421 275 265 171 60 
47 189 312 198 317 184 208 31 64 245 184 97 100 198 279 234 153 -70 225 43 300 257 140 153 127 308 92 233 80 220 4 131 
46 375 217 370 291 114 223 12 345 -19 97 111 176 94 299 125 -73 4 171 85 184 248 94 169 -59 95 138 115 39 210 179 25 
136 448 310 344 315 168 263 119 112 106 -86 260 45 223 30 163 121 81 347 113 64 355 118 228 28 312 72 211 149 357 139 95 
125 428 307 394 181 234 57 196 11 223 208 55 152 -3 405 147 -82 476 206 410 174 340 303 285 190 337 243 329 234 164 103 140 
252 58 328 62 210 226 150 71 30 61 -41 -29 70 190 -122 197 261 170 287 211 242 215 292 189 198 230 258 108 328 168 258 100 
-8 66 153 229 336 276 56 120 83 -9 132 147 16 -84 71 256 186 239 100 96 272 104 129 270 349 169 64 272 147 210 244 168 
-116 28 185 256 456 104 346 177 248 391 206 132 57 105 304 240 327 200 300 107 381 132 250 155 314 276 202 233 152 185 116 46 
-92 92 307 305 370 123 289 200 250 378 77 43 236 94 335 192 349 199 324 189 199 410 147 351 149 271 200 68 265 -111 47 130 
99 404 322 197 266 232 -5 125 40 435 65 123 101 196 103 208 329 387 204 311 319 250 306 105 85 25 319 358 193 165 63 49 
-12 350 220 296 387 120 190 45 164 137 119 75 292 -48 -35 260 214 347 328 197 96 461 151 244 68 92 374 514 373 135 89 142 
181 151 217 386 163 164 180 203 71 189 170 198 133 105 168 122 149 400 57 269 103 416 382 30 265 154 408 302 192 84 128 23 
-74 84 188 240 111 150 134 293 120 197 259 155 80 361 184 254 214 100 158 16 237 359 235 372 239 146 158 213 116 98 103 333 
-89 98 84 256 132 167 169 344 422 111 247 -68 346 221 374 284 204 40 197 13 294 294 342 268 234 197 39 109 162 280 548 127 
27 183 180 162 194 40 388 397 272 149 3 202 199 290 268 194 226 56 177 223 340 296 267 288 136 -3 325 313 402 393 288 288 
26 362 280 272 211 124 263 261 253 51 166 97 216 275 153 168 195 105 83 206 46 172 233 139 207 110 186 315 253 247 333 143 
116 483 223 32 342 188 92 253 180 273 12 183 108 123 281 100 230 115 105 33 235 186 109 121 122 93 69 356 349 73 380 168 
196 138 -1 268 287 175 219 200 205 84 65 57 81 116 248 139 159 182 -1 78 136 -42 142 83 74 23 81 135 195 174 81 112 
95 -49 -26 20 -77 125 55 76 93 19 59 141 107 153 -36 99 220 193 25 45 104 -50 108 68 157 49 23 296 107 -15 112 365 

-40 387 125 -59 -11 228 278 150 142 -2 63 77 158 -53 -5 -17 251 150 166 69 180 57 21 124 -45 -79 -198 97 238 -29 -33 230 
-185 32 195 -232 16 38 -2 153 37 96 160 52 114 -53 -153 -9 37 233 48 182 113 213 114 -40 134 137 188 93 220 102 105 21 
63 -28 10 35 98 182 -22 148 253 -53 68 212 187 200 145 106 -81 20 282 218 213 228 299 143 -37 72 123 153 6 55 82 9 
84 192 -40 -140 36 37 -17 18 29 125 -38 255 182 86 -47 126 103 -103 120 69 290 136 147 66 218 136 332 254 135 95 241 93 
-72 170 194 34 136 174 230 188 -9 151 174 147 171 54 148 177 95 138 -85 145 152 198 111 133 -11 6 74 109 -12 -136 -133 60 
-75 -6 97 -64 -44 102 170 136 172 84 102 113 202 135 114 101 63 232 71 -43 295 177 116 104 132 -31 102 240 274 130 -14 17 
-136 -72 -17 216 80 150 58 209 -21 -9 -151 160 237 111 90 120 47 150 225 182 87 143 52 189 93 160 46 115 111 145 60 132 
73 -19 127 57 229 98 231 273 217 85 153 92 266 117 51 -2 52 87 -41 170 318 130 107 11 -86 156 -83 169 66 -4 185 111 
18 39 -125 -101 39 226 -84 27 -6 -87 74 19 -71 148 161 -23 123 330 241 -187 79 199 285 143 91 176 214 -64 169 -143 239 127 
63 221 292 111 147 417 281 5 195 198 153 204 -34 -19 173 25 84 189 -18 56 71 178 64 63 -10 147 188 -28 72 58 80 172 
-87 139 241 42 -24 -123 6 180 129 68 50 40 262 197 303 221 165 249 23 161 219 107 126 -44 81 181 289 -77 -108 -34 172 156 
-47 30 28 248 219 127 -6 127 108 117 153 -161 -10 134 -66 63 81 81 90 -36 29 105 409 61 -35 37 47 140 97 394 223 253 
144 59 42 -57 275 32 76 153 -3 158 131 163 75 102 92 146 216 37 178 -3 115 59 47 59 66 142 252 221 266 127 93 107 
-10 293 37 122 72 215 212 -26 99 -56 65 156 117 -132 127 147 59 -11 -66 173 91 224 193 128 -35 -8 107 13 84 191 75 -4 
-7 155 168 -178 -92 136 89 130 122 221 -188 16 50 2 -10 166 25 -1 -42 -61 26 -111 93 -47 1 -58 73 113 -34 148 211 192 
38 214 281 350 123 199 138 74 202 -23 216 -20 152 110 351 204 6 134 308 90 37 -9 200 28 200 287 353 82 -22 32 238 48 
81 323 239 167 98 -52 -18 50 107 93 -60 308 -41 35 70 140 115 42 299 253 120 300 354 112 47 60 185 215 -8 138 166 48 
-44 266 174 207 45 86 34 43 -23 42 -53 -78 29 -221 114 -64 -87 316 35 121 -114 135 125 160 96 227 63 202 252 43 177 137 
20 -121 84 141 299 179 125 -117 -65 0 132 96 39 -24 -137 17 64 72 222 4 116 -28 92 78 147 121 252 -10 47 -32 176 284 
3 -114 -91 216 241 176 190 218 275 133 193 91 41 115 129 3 164 210 122 118 278 204 -50 143 177 162 262 244 -78 108 112 79 
-112 -30 60 221 272 68 41 -70 243 116 226 254 -14 6 132 121 -76 29 50 -36 140 251 183 -112 176 38 -71 251 10 59 18 117 
-28 -70 198 247 328 108 55 -122 212 71 51 239 90 85 144 125 21 60 274 254 -18 160 84 247 111 67 37 126 306 52 6 206 
16 -39 32 158 265 491 18 149 96 238 -23 83 12 95 162 -91 -59 133 74 193 127 -73 247 160 85 -60 245 260 218 235 68 114 
-32 145 67 35 -77 46 140 -44 115 -69 199 145 232 -3 228 115 64 119 78 21 251 262 129 249 -8 35 -11 246 198 105 128 0 
126 -41 9 189 152 112 145 200 114 -65 -54 72 52 51 233 211 172 126 16 28 11 35 104 -126 -10 213 214 55 12 -93 153 205 
2 39 31 -58 -35 -146 -16 315 307 113 -36 45 -45 91 146 137 49 86 -1 -99 193 168 244 250 -36 46 258 97 -48 -57 -78 211 
-24 73 166 68 44 39 -22 203 394 192 68 85 102 165 291 133 83 179 193 -28 142 216 44 -91 7 108 -6 149 100 138 323 157 
-3 61 311 250 105 0 120 62 116 256 -10 40 -177 1 184 119 -33 14 -24 -16 -57 244 182 -54 -170 -54 161 180 138 -147 -74 212 
56 239 168 324 2 61 177 127 -8 145 283 209 138 -23 105 339 81 97 73 142 -8 182 203 -29 -24 -283 -110 255 330 283 0 175 
-89 115 96 -6 172 272 276 205 47 -19 -48 72 130 64 82 168 191 166 172 23 -73 -74 76 60 140 60 -80 14 128 70 115 26 
58 -27 151 72 -41 44 125 11 63 -49 39 42 89 85 105 -18 -10 108 94 54 76 -50 127 -112 32 -47 36 -21 18 163 -78 79 
117 17 -55 21 31 114 151 59 -6 43 -44 12 -72 3 13 -78 0 93 -23 19 3 60 40 90 23 -58 -173 -15 146 -153 -167 -33 

-49 55 168 -14 -76 52 16 1 74 -148 38 -42 -19 -139 -177 -107 -24 -55 -68 139 90 51 -200 -48 101 99 -71 -147 94 114 -88 -102 
-109 -126 184 153 -27 -54 -46 75 18 -58 -1 -91 110 83 178 70 -49 -3 105 -54 -26 -66 72 -8 -22 -131 57 -76 -92 -70 -31 -104 
135 95 -172 -135 -47 14 -147 -193 -41 -80 -117 39 58 50 -70 25 -2 -92 131 -20 -196 -177 -97 -119 -52 -59 99 60 -39 43 121 148 
-22 94 13 79 65 36 -24 14 -31 58 7 -108 -10 -166 -143 -15 15 -21 -247 -148 -141 4 -130 -157 -162 -122 -334 -28 -238 -249 2 18 
-118 58 150 -26 -13 -45 -74 65 -27 -16 9 -18 -169 -32 -160 -107 132 13 26 -113 73 -176 140 -67 -13 -234 6 35 52 109 -84 -13 
2 -84 -61 156 33 -79 -34 -10 -30 -57 -49 -31 -9 -86 25 16 -180 73 -24 -175 -127 -26 -58 127 49 83 -115 -47 106 52 39 -91 
15 -7 98 -25 71 -6 -1 81 85 15 -143 -249 38 48 9 25 -52 -96 -43 110 -36 -56 -194 -14 -130 -109 -30 -26 -36 120 114 -14 
-122 -147 -222 -75 -123 -163 -147 -46 -1 -182 -92 -62 -136 66 -21 -20 -16 -38 -109 5 36 57 -16 -1 47 54 11 -82 -67 -163 -35 147 
-13 74 -11 -76 4 150 13 -112 -87 -42 9 -81 -201 -106 204 -81 -134 123 42 -214 -284 -112 6 37 7 63 2 -51 168 111 10 -99 
-32 62 150 101 -206 -190 36 -14 -36 73 -24 96 99 -39 -35 18 -107 -87 82 84 136 -114 -74 -201 -154 25 95 45 -46 33 -157 87 
-55 -215 -30 122 11 -30 -122 -125 -30 -24 53 -87 -129 7 -93 -77 -159 27 -59 -77 31 124 9 82 -97 -88 -14 -8 -155 16 -8 3 
-109 -101 -160 -120 9 58 -196 -43 180 154 -50 -124 -111 11 -40 -40 198 -63 -45 -35 -148 -208 27 31 29 -31 19 27 50 -100 77 -101 
66 199 -4 -29 72 73 10 -47 -212 -252 95 6 49 -79 -73 -24 42 -53 29 52 -74 -26 35 -5 65 -71 -160 -200 -93 -15 -206 -111 
6 21 38 -175 -38 -78 219 -84 83 -48 -188 46 43 -212 -115 -43 63 -34 -221 -236 131 52 -115 -48 -123 -247 -223 -71 -116 -116 -77 -53 
-30 -84 29 62 -81 -44 63 -45 71 96 59 -35 -65 55 8 75 -4 94 -13 -12 -197 -99 22 165 50 157 67 28 -229 -200 88 54 
-95 -59 87 100 77 8 -19 14 -69 111 121 49 16 61 79 89 -13 -119 166 197 67 -21 -20 -103 102 139 -2 59 -130 -281 -144 -67 
-131 -52 -74 -128 31 -89 -129 88 -72 -2 -156 -115 -47 -218 8 -143 9 17 -74 83 -189 -68 175 -58 -53 -280 -91 -80 80 133 191 -2 
-106 -132 -47 -65 -33 -98 -63 -112 -38 25 26 39 118 -11 -211 54 -183 -17 -90 -210 -157 -217 -160 58 156 90 -117 -158 133 -112 -93 68 
36 -86 -261 -36 -55 92 157 42 30 -60 113 -62 -73 120 3 -80 82 129 15 -3 104 -80 -95 -166 -118 -106 199 91 -11 18 -39 10 
119 -70 -47 -127 -79 -132 -43 -84 44 -30 -159 83 100 -30 -25 -171 92 -193 1 -173 131 112 -60 -65 -202 -204 -40 15 48 -71 47 -73 
-5 43 118 33 -34 -96 -209 -90 -89 -78 -9 132 5 -144 146 155 -92 -160 30 15 -88 73 -14 -320 -225 62 -151 36 14 15 62 -75 
14 -86 -44 -42 90 111 33 -4 -18 -31 -30 -71 -85 98 -71 -41 -232 -136 -14 120 -194 -292 -149 -20 179 -42 -19 -104 -83 27 -270 40 
52 88 29 -179 -292 -139 -22 8 -41 -53 55 -23 26 51 98 -81 -123 150 -90 59 98 -57 -71 176 64 -157 31 -88 -7 57 4 -75 
-74 -93 24 34 -100 80 70 35 -177 -153 -138 -125 -162 -47 -135 12 60 144 -55 -53 -117 -5 26 -128 -6 -79 -192 -90 24 63 130 76 
80 187 -117 1 46 -71 -148 38 46 -16 -41 -75 -5 -114 -141 15 -8 -56 48 -123 14 -97 54 -56 -184 168 52 23 -72 -158 -86 -59 
41 -37 -104 -60 -122 -111 -177 30 245 85 57 110 125 -123 13 -127 -30 -26 -21 -87 -14 -78 54 75 83 42 213 136 144 19 -21 37 
-22 -136 53 -66 88 76 39 -240 22 138 -43 -74 -178 -23 -38 -64 -74 -45 15 -155 -245 -43 -154 -123 48 106 39 -92 -89 -95 61 91 
-23 50 156 10 90 23 17 -190 -278 -68 16 91 7 -99 -53 28 38 -51 -89 74 -5 165 144 -2 -47 -115 -85 120 134 -13 -83 -100 
-64 -109 -82 92 28 -32 -9 91 -226 6 -65 150 -48 -84 -55 59 51 -7 -75 -18 -129 -209 31 183 148 -71 -239 -112 4 42 -88 -84 
-122 45 136 -154 -266 -1 28 -61 -7 -17 23 -168 111 64 -94 -55 -119 40 20 78 3 66 85 -46 -27 118 -51 -234 -91 -43 -51 52 
10 -80 -93 -92 -7 -160 -40 -43 127 -58 -140 -161 -58 -57 32 13 -206 -59 -4 -106 115 -37 -64 -50 -83 -60 53 -45 -181 -17 -84 -68 
137 -86 -68 203 49 21 175 -27 118 36 2 44 -74 44 78 54 31 183 -59 71 57 1 111 20 -56 -38 96 177 -106 129 59 95 

173 12 -111 107 123 245 128 -5 187 -9 29 108 -30 3 15 -22 183 82 199 135 144 44 21 -55 -27 36 23 -12 218 131 -49 161 
-91 144 82 73 40 -26 -20 221 68 19 -68 -67 63 108 -61 -117 108 169 96 184 305 58 -135 -32 213 96 -21 22 193 138 -49 153 
83 -46 82 206 -21 -149 162 156 5 22 135 17 212 0 7 -70 -56 256 53 226 18 136 -50 199 -127 169 -15 102 72 -55 72 -47 
175 -50 97 -28 -88 180 41 -62 12 13 14 290 -35 79 -55 -9 172 -92 215 -40 245 -101 136 -51 215 -39 66 121 67 132 51 67 
-46 225 -81 2 213 133 58 96 133 121 3 27 203 -43 49 257 106 -20 -127 165 -66 -44 15 93 -122 48 12 -83 -50 -150 169 36 
47 -60 220 14 23 -24 113 208 -1 -101 133 72 181 165 109 64 117 31 -13 61 128 43 -60 -76 103 -71 188 243 181 107 183 0 
-73 19 82 126 55 -81 191 83 19 24 -10 227 95 189 57 129 42 51 128 20 -48 94 61 75 143 -110 -94 50 134 185 -32 22 
-74 -20 210 -27 -102 -42 247 68 101 199 -24 93 323 -9 -22 27 -31 21 147 188 -5 101 -16 150 74 87 -54 287 16 34 89 -50 
-5 29 -73 -28 207 7 -53 94 -41 -128 109 80 -32 176 16 -114 135 119 116 -182 319 -23 94 109 82 26 44 94 -89 57 34 -10 
84 129 140 23 72 178 124 151 128 -68 104 20 27 131 62 18 4 127 63 70 -139 199 30 103 -58 65 81 -30 -19 27 6 34 
-59 151 89 -29 -76 1 147 235 -152 118 -79 170 141 -76 250 79 86 97 107 18 110 83 -100 5 -51 3 104 -219 158 -41 156 -54 
-22 69 119 196 -71 134 165 -93 25 70 126 -7 -75 120 6 12 89 217 -56 118 250 -42 -5 42 34 61 56 71 90 210 -3 91 
126 -11 220 71 25 103 -86 -82 208 165 -95 -157 21 105 47 -18 126 -3 151 -39 76 -59 19 80 -26 107 17 28 54 28 30 107 
-12 103 16 37 14 251 -15 77 85 -152 -20 26 2 77 17 -3 -100 34 8 198 -54 -11 -81 132 -30 1 13 61 97 179 69 49 
27 190 -95 -180 91 115 -5 200 73 123 -101 67 43 96 17 96 139 37 -16 -130 -129 30 48 111 -103 15 -43 114 60 193 62 131 
209 74 130 150 -89 68 41 109 69 116 -3 18 212 60 127 159 97 265 10 102 87 -95 89 155 269 17 142 47 -71 -17 58 74 
195 74 251 16 -38 -9 47 -48 57 -17 190 20 12 175 -133 196 191 -104 95 101 120 221 139 19 -22 120 152 112 -65 -18 141 -22 
-13 150 70 3 104 64 -86 40 -45 -50 -98 -17 -45 -261 130 99 125 55 -50 109 -73 -6 243 105 76 -64 79 207 -118 105 125 163 
-59 57 124 125 195 -31 110 -77 0 239 21 45 -41 -61 35 -25 58 77 99 -91 -36 172 59 63 89 284 93 -108 63 -102 175 66 
-30 19 -90 278 41 123 52 192 51 88 116 29 181 129 76 -73 72 8 -6 162 67 82 -86 81 80 71 11 28 -6 123 139 -41 
40 41 -78 193 130 11 62 -2 161 64 79 105 -14 147 -70 37 -15 -93 -11 -52 140 37 68 43 49 -17 -3 68 -75 109 44 93 
58 -116 205 180 59 51 -21 -25 170 -13 226 197 64 -125 72 120 -97 -26 194 97 -191 229 8 -1 26 135 173 182 165 12 95 112 
11 -99 121 65 183 135 125 118 25 103 107 84 -43 191 42 -107 -127 138 68 141 -21 -10 28 67 148 69 62 110 160 227 -7 57 
-42 48 32 26 -124 172 18 91 122 -83 106 -23 178 153 86 -18 103 -92 137 141 156 -153 -12 163 -11 65 -71 63 47 120 147 47 
41 -73 21 -68 -95 111 138 72 -28 -26 48 -72 180 -37 268 69 -32 -9 2 9 -23 -38 108 -70 164 83 102 -3 24 3 124 -65 
77 115 -75 -115 16 -62 70 -15 107 -45 -46 190 12 27 29 119 202 34 5 41 23 -22 28 23 -144 144 190 17 17 132 -183 26 
122 137 0 -6 37 33 -40 243 275 -147 171 -42 -36 -40 51 -48 91 126 17 -22 116 17 7 -136 -32 105 24 51 52 -166 6 25 
107 103 127 69 7 76 15 224 23 376 -78 59 -132 94 69 -14 60 -29 60 -58 34 156 -30 -198 -70 106 39 -11 1 -183 92 68 
63 -35 53 226 -8 86 192 -104 140 60 128 42 17 -27 178 208 -57 68 47 26 86 129 45 -41 -78 20 32 144 114 39 70 20 
18 -35 187 96 111 232 39 -57 13 -28 161 117 132 -103 73 146 152 117 81 -72 -65 -45 60 49 28 -12 -17 57 54 71 -35 -70 
-70 53 236 -63 -94 174 -11 97 -163 92 47 33 5 133 112 -69 55 107 57 77 -109 147 71 -148 -28 97 -17 -60 127 47 -29 36 
-85 145 33 47 -7 -63 138 -142 77 88 5 173 107 183 97 50 51 94 -26 27 176 74 129 76 -32 209 162 -46 -47 159 34 103 

-18 -72 141 -76 2 27 7 -22 33 159 93 219 28 130 195 224 43 181 58 21 -41 146 88 164 224 -5 43 64 177 96 160 191 
47 116 23 -7 26 306 44 17 151 -15 212 138 36 192 -118 171 160 -99 38 -21 42 66 124 -2 -102 -51 33 76 -19 36 77 272 
34 -73 70 -60 -117 181 169 -63 26 184 2 136 14 -65 148 -44 32 134 60 -13 56 99 221 277 -124 101 64 106 86 -128 79 40 
-58 -28 3 -93 120 203 -56 23 133 160 180 1 138 128 10 102 149 65 205 88 313 330 101 189 137 52 149 73 77 0 -56 195 
11 65 -54 183 -63 59 -58 227 51 12 209 186 151 52 164 108 49 145 179 177 115 381 314 40 229 349 163 275 129 -4 78 -96 
137 18 182 -42 91 193 -11 44 116 181 168 -102 -2 126 95 214 232 -115 104 60 252 170 185 229 156 94 128 -179 -23 108 -23 -34 
230 -191 -69 166 173 -83 247 92 130 46 80 35 -18 146 217 153 -22 154 128 106 111 179 197 -81 94 194 220 180 52 -186 39 51 
-104 103 96 -9 101 140 131 15 55 -32 -7 64 46 -81 201 305 72 78 318 89 181 251 -56 142 -45 124 156 -24 165 59 159 24 
24 3 175 264 161 107 240 60 155 -34 46 180 63 59 43 66 36 2 263 122 9 177 168 152 -15 -66 362 81 87 135 -116 186 
35 32 113 72 103 80 110 -1 8 50 102 -84 194 -100 181 93 71 203 -51 39 130 179 138 94 125 50 227 151 45 202 70 60 
119 63 152 302 66 135 64 111 68 185 52 137 33 69 57 165 61 143 157 -102 238 178 128 157 51 182 144 160 11 -1 15 140 
129 -64 186 182 -23 94 206 58 159 213 184 111 52 366 250 150 179 98 65 11 145 97 210 320 102 139 160 -25 -91 68 217 127 
-71 174 125 115 -44 52 -53 184 260 -15 -31 168 258 46 160 26 231 78 -19 25 235 252 55 190 174 220 51 231 193 160 138 52 
47 51 197 184 -39 197 26 177 -113 160 326 21 62 -23 -20 232 69 -30 32 212 87 146 259 9 29 192 240 250 234 138 92 269 
-55 95 76 256 181 -1 108 19 226 161 204 -94 91 153 43 192 165 18 -23 105 473 96 -17 163 -28 197 -22 373 71 -42 -15 206 
3 -56 175 197 0 86 51 183 -33 63 24 107 -143 183 86 48 -135 -31 -61 185 -63 100 52 142 -188 53 -6 54 -105 44 98 166 
10 235 307 226 318 166 88 -100 136 13 63 -55 330 48 50 219 4 7 87 111 84 -31 -66 152 96 113 -124 236 238 106 71 61 
123 238 367 52 261 -117 192 233 81 145 92 31 94 76 206 -77 86 210 323 162 74 308 421 13 74 99 195 135 156 215 17 107 
79 186 36 -1 179 129 80 -53 81 -128 -123 84 127 -49 -17 187 -5 174 100 109 128 207 58 225 86 179 150 239 191 3 -26 139 
46 184 -105 198 167 98 172 -158 -37 76 56 -13 -105 -55 111 27 161 156 39 119 -42 93 209 68 21 -1 125 257 -42 162 153 52 
27 -103 83 62 195 146 274 64 151 138 -78 292 147 -13 98 324 312 -137 310 134 110 83 63 72 115 396 77 21 257 -34 116 43 
0 -45 129 214 96 232 32 213 123 160 111 19 33 -29 329 206 86 72 22 185 266 150 49 143 281 208 -7 60 -69 53 64 -88 
181 120 35 139 139 -38 216 -162 252 185 124 -81 92 109 38 128 178 290 144 107 231 97 -10 293 74 74 57 107 12 4 -83 95 
-5 253 261 369 61 117 191 29 49 27 89 49 144 -20 -19 194 203 233 205 -32 202 219 205 98 -121 9 261 307 326 78 146 118 
-15 145 123 46 235 148 -42 -51 109 324 47 -10 162 49 -102 80 191 151 158 18 156 258 136 108 114 -33 345 238 280 150 -74 57 
-14 244 38 147 88 104 144 -64 148 184 39 147 198 -87 115 257 104 63 138 3 172 158 259 254 -24 184 127 184 -58 -50 5 151 
-49 -81 100 269 -42 87 57 273 87 3 122 -59 255 110 180 94 220 42 23 19 -27 269 381 191 197 5 84 -38 232 199 219 128 
-7 20 -114 245 67 92 192 204 84 206 44 117 157 193 78 203 124 38 146 116 249 98 299 139 149 -15 135 120 246 180 260 168 
29 150 275 169 79 -75 87 247 143 -13 131 30 201 93 -15 141 110 -59 149 -66 238 114 229 158 95 80 -43 166 148 220 175 -42 
200 72 121 176 -35 22 72 144 290 30 110 -34 10 42 208 20 115 -61 42 98 173 -94 269 60 -106 15 223 263 13 222 259 105 
61 142 103 153 119 248 137 272 -63 166 -30 18 155 204 56 102 117 115 62 72 -37 227 -39 141 -19 54 -98 207 156 25 227 65 
115 156 96 10 18 151 108 149 136 75 62 111 -3 2 55 128 36 25 84 103 140 190 46 200 187 114 -3 130 145 113 173 112 

75 115 38 107 125 250 179 160 264 113 262 151 240 102 18 167 85 93 103 106 292 289 257 92 85 208 163 102 142 185 228 108 
112 72 149 26 179 326 83 66 256 120 26 76 45 175 178 20 135 207 215 212 157 219 252 -7 48 128 337 -33 54 185 136 137 
98 108 -30 98 303 226 33 197 215 141 319 -117 142 157 10 201 -18 173 192 207 200 221 -97 -46 61 17 -1 81 64 -114 45 148 
91 153 179 232 127 90 112 265 11 -22 19 360 167 229 141 -108 207 226 286 343 238 46 285 -137 9 55 135 207 74 151 -15 11 
-42 168 208 -16 26 231 234 9 239 259 211 183 198 123 -18 101 288 180 23 37 337 -19 48 224 137 56 -53 -118 -8 39 17 85 
132 131 144 364 236 216 64 247 169 185 111 62 172 185 261 167 -73 280 201 108 115 158 -30 70 68 25 146 176 103 138 209 103 
-57 41 75 270 196 91 110 212 191 80 64 22 74 88 95 232 264 112 138 169 266 225 -7 -12 88 225 -105 -95 8 58 93 195 
48 -42 127 314 74 160 139 142 87 -16 32 -44 93 206 212 197 43 134 176 183 -114 188 97 121 163 215 214 106 316 125 74 110 
62 31 217 175 39 276 297 32 89 26 5 63 59 0 233 124 25 223 250 118 249 -22 -17 -89 -34 159 103 114 195 210 230 91 
7 149 193 194 108 127 68 94 269 -119 49 143 56 235 117 222 1 230 203 82 198 303 153 156 -3 60 268 188 76 200 44 139 
-35 -25 216 298 133 139 87 65 185 192 91 -54 93 71 125 198 207 -10 23 200 88 122 268 148 87 26 146 83 66 148 222 165 
-37 257 179 42 131 25 62 331 22 -31 217 138 134 175 149 88 117 237 177 143 257 148 38 94 281 325 128 190 112 317 210 54 
19 57 249 148 124 169 344 27 30 135 141 -59 11 22 99 29 252 88 45 20 188 127 160 4 28 166 27 23 151 185 83 48 
-24 109 233 75 143 50 179 57 342 223 86 56 47 143 216 144 167 110 79 165 185 92 44 180 150 153 186 221 -8 75 302 137 
96 308 420 81 83 87 185 156 163 250 171 81 121 105 221 185 64 34 237 183 -31 92 123 159 108 167 33 56 -66 -214 13 34 
188 368 125 155 326 178 136 52 46 79 4 -30 102 -45 175 246 260 67 182 218 199 -7 129 7 183 45 51 174 74 2 41 110 
123 299 401 419 166 -39 117 176 172 268 113 148 168 203 34 41 158 307 32 48 28 173 211 388 176 297 170 -41 54 -63 76 26 
110 188 179 151 98 354 106 108 124 4 83 144 193 45 -44 307 218 364 99 178 134 -15 153 154 144 228 193 107 91 -21 54 140 
139 46 169 81 185 88 128 3 27 185 222 14 27 42 51 -44 93 249 245 -57 59 149 133 275 163 -7 375 267 126 7 153 134 
28 9 132 64 358 -8 -15 116 36 101 111 187 78 13 261 105 125 62 266 -12 90 179 183 -24 -17 196 149 179 208 127 402 188 
-29 44 121 316 376 244 259 81 197 53 134 131 94 148 170 187 159 -22 25 184 82 77 92 66 240 133 -98 66 38 253 96 165 
206 113 85 42 231 40 52 36 254 319 143 233 264 248 211 183 47 -14 134 213 281 -44 -122 19 76 47 257 215 149 51 1 139 
58 109 209 296 26 20 192 178 32 88 38 237 119 16 291 310 -29 161 122 241 70 112 94 8 120 78 181 119 202 207 119 80 
197 215 184 240 181 139 -65 31 117 85 -36 -49 51 179 87 134 161 224 214 191 239 115 -123 -147 25 265 153 124 60 125 261 130 
193 346 86 61 -74 61 107 119 304 152 107 92 197 -143 -16 216 134 33 63 219 290 134 237 179 -37 139 358 356 165 -121 49 71 
92 159 276 167 7 156 131 137 166 218 -3 118 202 113 64 132 156 132 202 -17 95 67 -11 35 63 58 267 166 166 304 339 132 
45 232 221 -48 44 161 270 33 342 130 61 158 70 131 67 -18 82 113 74 45 240 244 234 61 -25 180 399 406 234 90 26 58 
94 105 209 250 181 28 126 335 29 205 284 339 182 63 131 205 57 65 163 -12 -19 145 240 124 118 178 94 275 458 302 109 121 
158 239 141 275 54 94 275 245 36 129 108 93 137 76 28 222 153 90 -69 148 86 122 273 81 70 215 332 203 182 180 241 139 
195 228 232 280 232 117 317 97 72 73 50 97 309 170 95 316 -8 188 146 24 156 55 143 106 45 48 166 176 69 201 97 31 
86 -25 80 217 115 125 48 141 113 -150 154 88 -11 29 138 61 82 88 54 18 21 -58 283 84 52 -81 128 99 4 215 57 -10 
-105 -106 159 -120 -105 65 -30 -72 37 87 41 -77 12 25 -99 -6 43 -51 -85 -20 -193 110 -31 -65 -120 -31 68 -24 -121 -111 41 34 

35 130 144 -1 -72 76 149 23 196 -1 163 183 97 227 250 195 7 84 123 -59 66 118 321 268 -2 188 112 249 63 -7 250 179 
-76 120 -46 -211 179 239 0 -52 143 255 -29 102 46 -70 38 52 185 -7 25 119 149 200 78 42 21 12 143 50 26 78 106 227 
-64 129 178 11 -19 229 176 192 158 -56 222 110 148 164 101 -26 110 97 158 36 73 373 177 56 -44 96 41 235 171 173 -23 104 
22 106 33 -32 143 145 -125 93 112 143 13 -90 -38 48 16 126 -47 43 71 134 291 121 113 148 56 39 109 -69 -17 57 -14 4 
75 -206 -126 143 48 3 206 24 117 75 117 222 89 121 301 -82 31 180 501 49 178 222 -3 -105 45 258 136 92 -27 -123 -90 89 
-21 226 51 24 75 187 -14 84 -4 199 30 21 189 57 49 265 1 -16 -60 173 282 287 195 118 71 143 115 -91 149 234 84 27 
144 -49 -30 181 224 230 92 69 116 13 179 34 71 132 90 43 98 156 220 3 67 41 14 109 -13 169 191 -119 4 -152 -164 191 
51 108 61 92 69 126 82 13 354 278 16 238 79 9 218 154 35 -8 -29 235 140 147 123 -50 118 -28 132 187 289 235 68 160 
33 -193 15 189 60 -7 242 64 -80 -29 -144 -78 163 -99 -101 244 121 236 249 186 160 118 253 63 -81 140 3 137 -100 -183 70 204 
-11 -108 124 137 256 224 36 112 322 156 212 180 -70 175 50 82 27 0 78 -80 109 196 28 207 42 166 90 247 -49 168 239 203 
61 99 1 -37 144 32 39 46 23 -178 -116 25 -69 18 213 66 285 237 35 -20 141 158 152 -30 40 154 49 92 15 58 113 69 
-25 35 175 216 256 250 59 309 -90 128 373 93 180 -19 74 205 -61 -145 -7 210 73 294 192 -46 -23 168 153 50 87 82 301 214 
60 37 174 171 24 -285 63 180 65 264 232 -7 81 252 122 124 175 279 160 52 238 -8 96 151 209 147 68 44 -58 -33 75 79 
13 -46 53 139 54 50 243 96 -30 31 125 19 -27 46 178 77 9 -64 182 -7 125 275 123 12 -121 270 190 207 183 299 56 117 
-36 216 183 268 120 120 -5 -136 46 120 19 50 45 -113 -174 167 75 17 88 83 87 -62 -118 114 132 84 -23 155 247 87 18 129 
-71 258 141 102 47 159 225 292 330 142 96 88 138 176 282 -47 135 232 126 53 212 176 248 38 -39 266 172 90 96 168 -166 101 
84 71 6 94 142 188 -59 -3 -84 -35 -50 213 145 -7 19 255 -261 50 100 11 8 -38 -52 202 8 -33 94 162 38 -8 -91 93 
165 355 288 287 44 139 115 109 73 98 100 19 -148 185 75 0 54 199 252 182 8 118 148 -54 27 158 276 94 31 95 23 29 
0 144 202 6 187 160 139 94 76 -93 70 304 175 -58 134 173 72 144 287 170 112 131 242 52 225 196 21 219 127 13 125 122 
98 12 76 -116 228 137 -42 52 -116 285 -86 -82 -20 3 198 -31 95 111 120 -28 122 63 15 191 191 220 104 7 125 -71 63 95 
54 143 -236 212 136 115 183 -34 19 125 57 44 104 8 -128 75 184 274 -117 153 76 -73 122 124 110 30 75 99 -70 151 98 123 
-193 23 118 256 287 55 139 -22 17 135 -25 149 50 83 206 289 233 9 120 -121 358 370 36 81 -31 -6 22 170 236 85 224 152 
25 114 -22 177 308 131 60 -18 364 442 -9 40 135 -45 -16 262 91 -22 -46 242 73 285 -29 18 86 29 217 60 119 -41 -65 133 
51 245 200 163 123 -9 -27 38 15 133 16 178 124 86 59 115 -5 152 98 98 156 246 72 172 -60 -57 185 288 -31 -56 21 121 
-64 16 234 358 145 90 98 86 182 116 13 -22 116 139 207 -2 159 177 189 116 22 214 -12 148 -2 -63 101 303 280 257 214 64 
50 22 21 121 8 137 52 -32 -80 46 174 -28 108 -39 3 96 41 1 192 107 229 188 186 164 34 -60 236 152 213 2 86 191 
-28 234 260 180 141 -217 76 197 115 112 131 133 247 75 155 145 126 28 21 -68 64 60 222 214 -6 -23 69 85 -38 197 -27 -91 
-49 39 -34 -9 80 -126 78 281 287 -3 -4 1 51 264 102 10 124 -57 188 121 85 50 132 191 -139 88 188 247 98 160 342 218 
30 194 -49 248 78 50 244 364 187 55 5 82 129 119 47 14 182 6 34 84 88 114 66 55 62 -38 9 171 252 112 185 121 
49 176 17 271 300 -101 149 200 61 12 9 192 -3 128 84 172 -13 151 202 37 112 73 45 177 17 72 134 293 70 38 173 45 
115 141 46 141 0 45 123 -78 161 6 126 121 36 -65 61 121 140 -79 -13 -32 18 -75 116 109 80 -52 28 198 141 121 194 84 
17 29 -87 30 150 45 27 94 -6 109 86 111 20 -78 21 246 116 104 164 -10 22 -12 81 66 131 -22 -33 223 106 125 246 152 

99 194 -84 -47 83 232 128 22 33 153 14 292 78 167 -122 5 155 4 89 15 128 171 213 8 -55 139 75 73 47 127 91 163 
-2 -125 39 63 29 45 -17 -1 118 185 191 -85 -59 76 74 86 -60 252 82 94 145 262 73 134 13 167 97 -65 50 -127 -62 2 
39 -141 41 33 126 95 58 174 125 31 348 168 109 163 161 83 -101 205 188 260 137 119 220 115 129 72 202 -23 180 -6 -30 -28 
142 116 90 35 18 277 195 -5 90 53 41 273 228 174 198 21 154 -51 70 242 249 195 308 165 173 146 162 60 146 126 -15 -45 
-26 59 135 -51 -7 225 64 -35 96 240 176 37 166 225 109 123 240 147 -33 163 142 130 10 292 173 115 239 113 -63 33 49 122 
66 48 20 141 124 69 119 254 160 44 128 187 9 113 197 160 123 145 73 105 301 161 231 -110 147 127 102 247 70 -25 22 201 
-70 74 -38 175 64 102 119 50 -45 29 94 64 -15 -174 60 244 225 153 434 110 65 213 193 -27 121 201 19 -100 4 6 99 -52 
127 -18 199 303 102 176 85 90 -16 194 90 -94 163 75 -55 119 90 -12 12 125 139 240 9 150 34 216 206 154 94 184 58 -75 
190 139 69 2 228 283 113 28 149 -190 25 -21 62 205 163 141 117 181 26 -11 211 217 -78 12 -53 47 91 41 84 119 124 95 
57 177 163 244 16 183 118 17 286 184 121 140 155 110 169 204 90 -7 177 267 2 117 267 141 181 -66 172 -3 278 14 130 141 
150 115 139 103 9 -70 259 225 -1 30 117 84 273 88 158 256 89 182 117 5 34 141 262 275 246 59 140 77 64 103 23 114 
37 89 172 146 41 -14 136 45 91 -5 32 148 150 58 23 70 -8 231 19 -76 290 337 -39 71 114 415 238 369 167 337 24 179 
12 57 145 202 60 216 33 144 133 143 127 59 -161 90 90 45 115 4 111 127 87 -37 170 102 -30 263 210 186 114 168 124 154 
-67 21 68 -40 116 233 39 327 218 52 248 82 165 321 351 126 112 -22 49 189 178 160 185 46 95 135 161 157 180 32 167 31 
176 280 236 48 134 -57 -131 20 43 54 177 83 129 -13 198 -14 8 12 106 126 17 83 150 108 101 -73 5 29 -57 82 107 9 
213 345 307 251 188 -49 268 -39 72 50 -20 -68 44 94 13 188 150 70 151 86 300 210 -143 46 50 235 50 129 173 212 34 -48 
-25 220 180 263 169 80 214 -80 138 18 45 51 -34 115 35 60 229 57 123 67 178 274 283 231 -18 262 99 116 73 82 180 154 
-12 153 217 149 116 186 1 31 152 178 -131 -17 251 -46 17 37 143 229 41 150 110 53 69 343 129 66 126 215 -33 -15 39 96 
-49 38 233 204 247 94 82 161 -130 144 226 37 108 -76 52 208 -95 192 59 208 -64 92 183 191 -113 12 145 176 219 159 239 44 
-99 -38 181 177 179 77 148 149 170 8 138 54 -35 257 104 220 63 -4 97 244 101 113 215 118 262 147 122 31 149 125 91 186 
23 108 123 82 334 189 187 146 362 122 61 -2 5 53 176 75 236 180 153 -66 290 178 69 197 288 185 115 176 -63 -122 96 51 
217 134 43 69 220 -51 152 -24 4 168 140 237 231 -27 222 106 279 154 283 52 131 101 129 30 -72 171 119 238 216 37 25 -28 
79 72 86 233 189 27 140 112 51 87 14 101 88 125 149 144 177 119 258 135 138 118 99 -38 37 304 204 188 213 219 47 26 
43 38 95 17 123 172 50 -65 56 158 49 -55 53 -27 50 155 92 8 80 127 206 205 64 100 203 59 205 48 -20 -41 -11 117 
80 246 187 37 -31 27 274 -16 59 242 139 83 263 45 79 352 79 111 -45 174 126 227 125 119 124 49 131 79 15 -10 161 55 
-91 142 148 154 37 239 197 295 160 41 -140 73 125 230 10 23 192 202 -16 135 162 132 150 46 -12 -47 93 242 167 260 268 79 
53 176 47 228 36 202 140 302 259 85 123 107 72 127 177 97 21 73 257 31 284 184 133 144 90 40 61 208 255 120 -4 80 
53 131 196 170 -43 79 60 46 133 73 262 69 213 139 150 230 103 0 199 -61 144 198 236 136 101 197 272 120 243 189 209 181 
207 93 29 141 277 -25 104 7 205 141 71 49 70 -22 71 253 78 31 -100 -28 72 -15 183 134 63 -17 257 232 131 191 207 50 
119 145 84 289 277 192 90 261 -48 -3 26 189 162 225 94 80 236 171 86 199 20 51 129 35 78 -25 -35 171 151 76 125 2 
-73 8 5 13 10 80 26 134 53 -16 -25 -55 19 -49 79 -32 14 59 -14 17 16 -52 114 -2 51 48 -36 -24 41 61 52 10 
-47 63 89 -174 16 170 109 -10 58 164 46 46 61 130 -45 -12 82 6 -22 17 33 103 120 27 3 118 114 -34 -67 23 71 119 

12 58 48 29 50 178 196 106 -36 11 124 206 -107 43 100 -49 25 93 133 43 -18 128 160 179 70 30 -220 47 252 96 -37 44 
45 31 -70 58 222 71 -82 -77 176 9 -10 125 38 87 -46 153 102 -20 51 252 177 145 -76 -30 -159 121 186 -40 40 20 33 18 
73 -142 159 97 -235 46 119 19 92 56 15 112 113 113 244 11 -28 143 223 -32 132 -11 20 176 9 5 112 134 0 -70 -39 106 
28 164 43 -34 81 142 62 -48 9 89 101 -30 149 33 -117 61 80 -11 3 25 15 154 80 156 43 -72 -3 -72 9 48 103 87 
79 -127 1 167 46 168 20 66 11 77 271 158 -67 -35 121 -25 179 261 83 50 5 167 81 -7 141 208 -8 189 -37 -171 -48 40 
42 86 144 20 98 -2 -3 43 179 147 -32 5 6 0 146 189 156 -98 -31 12 282 19 177 94 69 59 63 -37 154 286 0 13 
113 -118 -114 250 201 -54 178 306 -28 -157 -131 -23 136 -23 37 215 -30 -24 285 134 -5 37 119 -31 -75 120 199 82 22 -154 176 65 
-84 94 115 -91 31 37 19 -19 171 63 133 23 -102 50 135 125 98 -9 129 15 45 184 -36 125 58 -75 97 149 -7 162 167 -28 
7 -2 60 93 21 101 195 -129 -43 -1 -102 -42 -33 54 27 61 115 196 85 9 -72 188 142 44 37 27 209 75 19 88 -12 85 
-39 81 198 239 179 -11 155 134 -21 90 190 117 182 86 176 38 -38 5 -53 30 256 60 26 74 42 171 153 4 42 191 83 89 
127 45 72 183 22 -241 1 82 54 37 0 39 -28 148 87 97 26 110 207 -4 72 68 100 178 57 90 70 128 19 33 -125 -6 
111 -116 -62 81 21 176 220 30 -11 241 139 63 40 -13 16 137 -9 23 123 -83 -79 221 149 142 -58 85 106 128 53 188 227 210 
-44 120 319 116 -98 94 -103 36 193 182 -86 94 145 89 -80 69 331 170 -95 125 333 -29 -123 174 129 163 31 95 142 -86 -142 -4 
103 104 96 109 -116 300 41 191 29 -218 230 29 -87 45 220 85 16 -65 -71 63 122 46 235 81 -132 128 47 -92 63 72 -90 95 
90 79 126 112 198 95 -136 -65 174 121 -13 40 95 20 17 144 -16 63 -7 -85 146 -50 -56 169 107 -73 -95 331 4 -59 70 185 
53 10 216 293 79 22 154 290 129 56 165 11 -18 201 65 -27 121 120 163 225 -6 203 51 71 -47 333 160 16 -125 -8 73 14 
-84 73 124 63 190 8 67 -116 -78 52 -33 123 110 -11 39 149 2 -69 147 84 60 51 92 176 47 -7 -67 177 88 153 -82 129 
40 174 105 -24 94 29 -5 24 -48 271 70 -193 23 10 139 -69 6 148 105 41 -173 113 91 62 57 35 31 138 74 57 113 183 
7 -2 -63 48 111 214 120 84 45 -187 -28 154 192 10 -257 233 159 146 -35 99 149 -48 18 162 141 14 113 146 56 74 81 136 
18 -45 -94 231 111 -24 61 -10 113 178 1 101 -154 105 162 54 125 39 -90 71 225 178 125 59 -4 -34 40 176 78 162 86 -37 
72 -7 123 139 -2 147 40 22 139 139 -94 124 200 -60 116 270 140 -182 157 94 -31 163 55 -167 26 159 29 -62 111 -59 -4 -3 
-10 180 152 173 190 58 -28 42 3 -25 104 79 1 18 302 112 -28 59 161 14 199 72 -123 93 -74 161 80 175 38 -79 166 -2 
175 96 -37 -58 43 35 54 45 156 239 103 19 -13 43 -15 -52 125 83 195 179 38 2 1 220 72 72 158 94 196 171 -141 1 
-31 150 284 136 -64 -17 291 116 -164 -104 19 -89 184 -11 -173 47 151 266 85 -10 109 235 96 127 62 -53 106 72 -30 90 105 137 
-15 17 250 107 92 69 48 61 17 228 45 -64 36 195 27 68 115 124 41 45 -121 156 147 -39 31 23 155 174 109 84 -10 26 
-9 81 -111 -13 -12 7 -91 27 194 258 168 85 170 -52 89 139 -21 40 5 39 121 -2 213 268 15 187 150 169 234 5 113 188 
45 142 -49 205 13 73 78 287 149 -38 43 15 200 -5 36 20 244 14 49 -51 -29 209 138 -39 120 100 61 11 152 242 45 41 
10 45 75 203 105 33 309 -52 -46 -53 94 24 12 148 25 61 90 -67 218 -7 36 104 137 140 22 5 196 239 99 -32 169 85 
82 52 199 117 62 114 59 58 49 18 110 145 160 -9 -33 162 258 -116 12 -9 86 43 98 224 224 -79 -197 63 93 170 206 -11 
46 76 -54 89 147 29 -38 206 181 126 -40 14 -148 70 262 -95 70 185 30 73 125 -26 115 103 -19 148 -1 84 45 -70 148 -77 
-53 37 126 -30 -55 49 -2 -12 -40 24 4 -69 83 90 -2 13 -81 -70 28 -28 -37 135 41 -38 -110 50 -23 -39 47 -17 26 18 
47 -30 64 -1 59 127 241 -6 75 157 128 234 12 111 116 120 127 128 -10 235 -40 170 64 202 -6 157 132 -28 51 220 230 98 

235 18 43 83 219 211 261 80 77 165 184 300 18 131 105 278 6 115 186 87 85 164 198 245 29 84 120 84 257 146 238 34 
114 -22 -52 181 96 259 131 -116 118 243 79 223 -120 81 137 115 268 73 175 247 215 218 109 83 41 32 316 -7 -52 109 -145 96 
85 -175 18 212 -22 85 236 31 251 87 386 52 313 93 263 206 -3 360 255 338 58 335 -13 366 34 314 146 122 154 8 86 -43 
182 64 224 171 6 338 102 155 29 174 246 239 70 205 171 -29 281 137 181 134 340 171 364 147 376 56 205 80 -25 233 -87 120 
110 154 -123 266 89 179 224 4 219 228 352 157 164 -18 233 177 319 88 368 185 104 263 168 144 114 380 72 120 25 -96 -6 -47 
130 96 187 121 153 292 -94 309 110 228 218 -28 116 186 123 292 261 46 108 187 293 238 261 178 131 80 362 123 63 201 128 73 
97 101 -9 263 328 69 370 89 146 -191 136 68 -18 109 70 236 311 113 426 278 160 95 191 -13 62 168 245 31 8 -14 47 108 
11 180 208 272 77 237 232 10 17 229 190 105 117 40 158 332 85 88 190 215 -69 450 -24 154 197 67 344 133 192 288 238 -68 
195 63 202 236 307 35 349 -45 -31 13 -15 -123 79 198 83 240 269 150 169 71 273 128 143 178 24 146 121 214 69 345 -138 132 
205 181 249 287 293 144 150 65 304 126 271 233 269 276 121 331 46 34 122 244 151 345 -64 326 233 240 111 236 95 352 -46 180 
253 158 194 252 -20 -18 105 208 141 183 -68 202 218 151 282 227 207 75 363 98 153 94 226 380 197 207 60 146 217 103 53 24 
115 61 177 123 17 275 133 289 182 20 225 149 221 252 28 209 87 160 56 73 112 410 114 342 71 268 295 398 263 412 207 139 
142 136 290 352 25 174 39 78 287 128 143 194 133 -31 251 58 312 127 145 34 452 168 -22 254 160 358 155 270 205 84 7 86 
119 63 177 135 74 296 126 253 262 -10 287 108 -8 275 334 253 146 -97 68 260 250 222 129 270 -43 226 153 296 79 130 99 86 
119 264 163 294 309 62 59 -21 98 31 225 -48 147 214 85 41 101 -101 93 44 92 244 -110 261 -39 307 -220 163 31 43 123 115 
149 324 380 361 334 71 223 257 99 262 66 119 90 201 258 59 173 227 188 297 175 278 57 244 65 227 108 229 -120 333 -16 87 
152 236 278 191 195 62 262 34 -6 168 137 -93 276 266 -117 337 164 149 152 148 222 416 -14 489 77 326 -94 189 297 189 70 -1 
143 270 236 160 115 121 23 86 65 113 44 -26 -41 153 32 144 187 227 87 176 154 37 368 133 304 72 133 263 80 219 -32 219 
71 56 236 169 305 209 130 97 128 73 -2 54 254 -24 -41 283 269 258 50 146 193 184 95 358 137 141 103 240 284 133 314 72 
-42 29 252 199 244 120 81 318 -13 340 83 94 88 -6 346 260 287 -12 165 220 181 140 371 132 30 284 247 51 295 176 228 -68 
-20 337 243 242 167 104 338 169 263 284 97 78 107 201 172 210 263 56 292 176 201 162 109 92 205 352 79 115 128 -29 31 -35 
104 304 394 70 306 50 25 313 -67 189 120 78 307 28 320 113 273 146 467 88 179 213 -12 190 102 164 243 174 143 40 215 -50 
212 290 122 213 224 -118 417 72 110 316 191 17 143 206 -55 181 234 439 102 412 24 263 139 104 107 256 371 261 233 283 2 51 
79 196 324 214 65 224 51 207 -137 118 137 37 70 209 -190 240 263 206 197 148 123 334 169 34 246 212 214 265 107 89 34 75 
56 270 149 226 123 133 225 57 115 294 273 -74 353 97 169 292 160 219 7 202 149 271 127 146 334 102 255 122 122 49 120 77 
-22 144 -52 171 -62 276 266 183 248 158 145 75 288 160 130 214 175 13 222 142 221 257 245 205 225 211 163 180 312 358 330 195 
13 247 116 147 226 249 341 293 348 -77 227 4 375 122 166 15 322 25 77 161 245 167 210 194 297 139 210 141 260 299 264 -73 
150 271 164 206 185 180 139 208 23 160 97 237 188 255 148 115 309 -128 307 69 287 196 117 218 216 221 302 309 323 174 298 127 
138 334 205 82 216 195 154 83 243 169 207 12 153 122 190 49 258 50 -81 -6 236 49 177 176 127 189 166 162 310 110 428 1 
225 214 145 113 459 192 92 207 211 186 -29 121 190 147 253 235 78 137 167 110 250 70 152 160 -54 154 132 172 131 108 153 -17 
-27 138 2 129 23 113 -5 99 -32 55 28 -11 79 119 48 -77 117 11 -49 4 7 115 30 20 -48 108 -44 87 123 -78 181 -49 
-77 82 106 -180 -46 -7 -43 -46 32 10 -27 18 28 37 -83 -90 4 -133 31 64 24 24 -46 -46 43 133 62 -74 -17 90 72 7 

-56 -14 -120 183 41 -86 5 58 -91 102 -39 62 -107 186 94 -16 -23 49 103 -140 101 -34 192 85 -45 -16 -118 154 -76 65 -69 94 
109 61 -186 -56 60 -1 1 -162 30 -37 -54 186 -33 -37 -44 9 -9 17 -39 90 -27 -18 -102 40 -143 137 107 -21 172 143 72 83 
3 -62 211 54 -39 59 29 110 67 -13 17 -152 -4 -13 31 66 -114 105 -156 -168 195 -48 -81 -29 55 -126 -140 -115 -50 -137 -89 -16 
-30 -115 -44 -21 -91 -129 85 10 -81 -17 -49 53 76 -28 20 -74 46 74 50 57 -70 -38 9 88 -45 -21 149 21 82 77 87 -57 
87 -189 -5 -9 -35 66 20 -43 -54 44 39 88 35 98 24 61 35 -74 33 -36 52 179 -69 54 175 83 -68 55 76 6 4 77 
-8 130 5 -64 73 -69 -24 64 102 112 -24 18 50 46 48 38 22 -4 -60 125 -17 -103 178 -70 6 0 24 -45 -2 30 -50 93 
-51 -53 -88 64 -112 -133 31 72 -24 -79 50 71 118 -41 -53 8 47 -148 59 -36 115 29 161 -53 110 75 101 47 34 -188 77 -65 
62 68 46 -60 39 89 22 41 -56 9 59 34 -127 68 25 33 -43 86 166 -108 -160 76 -42 134 -36 -106 -25 109 -121 103 -33 -145 
-58 -96 152 -75 -92 -112 175 -39 61 103 -37 -6 115 14 -108 -2 90 22 19 161 50 45 -94 2 -97 72 -67 108 -92 -69 26 40 
-48 -2 -66 53 177 51 -38 79 -68 -147 3 39 -61 27 54 -90 84 -9 -32 -192 143 59 48 7 30 -137 66 -165 151 -68 82 -49 
69 -36 149 -5 -30 -42 40 -48 54 2 30 -87 10 -17 63 4 -17 30 9 141 -86 -94 -7 26 67 -2 106 -46 71 -60 -35 -23 
67 112 39 1 -3 48 70 70 -140 17 4 60 133 -112 -3 68 -213 111 120 -99 -56 170 -88 100 -78 -36 -51 -119 -87 115 -41 23 
-70 -167 39 46 -266 88 33 30 106 137 -209 70 -28 122 -41 79 89 22 -123 -33 231 -138 -88 12 -41 20 48 127 108 21 -77 157 
59 11 55 75 -113 149 -270 52 70 -51 175 -98 -78 84 127 -68 69 3 89 20 -77 -163 168 160 64 113 100 -32 59 13 137 90 
13 31 34 6 -22 98 -126 66 27 8 39 42 167 -44 72 50 -42 27 -19 182 124 77 -48 -99 91 -102 82 188 57 49 -74 -30 
-96 -11 -91 -101 68 -63 37 -8 -39 -36 -77 -106 -60 25 -141 -39 80 -42 -69 -126 -82 123 21 77 -160 -84 -7 57 -58 176 119 87 
-21 37 19 175 -42 -102 135 -159 3 24 -37 91 -24 66 -75 -1 -68 -76 50 -153 37 -75 -118 84 89 25 -46 -37 -102 -80 -151 70 
63 87 -29 50 46 183 102 42 44 85 120 -3 18 56 161 16 93 -6 71 148 -1 175 -2 -104 -114 13 -6 233 -32 -40 95 28 
47 -19 22 -37 -49 0 -185 92 -57 -42 -74 -50 203 -91 -56 14 -44 4 -259 170 -36 13 62 190 55 -48 -92 2 -66 -32 64 15 
0 -26 27 77 89 -54 -15 -126 12 -3 -25 83 -254 -5 -102 149 -76 21 -34 0 -65 16 152 -47 -12 180 20 -68 112 64 15 9 
-71 -58 -75 84 20 192 124 -18 50 -69 33 -68 87 -40 4 -43 -9 -62 38 4 -88 64 -85 45 179 -79 -65 42 21 88 -8 20 
-16 113 -56 -114 115 -177 128 27 102 42 82 8 68 31 195 -45 60 -26 91 -109 230 20 -54 141 -165 115 9 70 -31 -52 158 -46 
36 -179 5 51 -57 48 33 -25 58 13 -17 40 -43 -57 -41 11 135 -167 31 73 -232 -10 88 26 -81 153 -62 -47 32 -45 -99 66 
84 -2 131 -112 13 -61 26 13 -41 39 4 -110 132 38 -45 15 51 103 36 8 73 28 -49 5 84 -17 99 11 -93 63 -97 -21 
-63 -11 33 100 -37 -12 130 -138 78 -44 45 -35 42 -84 23 -14 19 102 -21 92 -14 -15 6 11 -61 -89 23 163 114 14 12 1 
63 -39 59 79 -15 30 -106 -13 -50 90 77 -17 -93 -47 91 -12 -105 -2 -27 -45 -65 -40 71 -96 23 62 -154 -173 -43 -175 -12 -103 
-45 162 -163 27 -46 4 7 72 39 -76 -24 115 84 10 -36 68 224 -64 80 -7 158 94 53 49 -173 -15 -11 43 -5 146 -143 24 
-53 -160 -152 103 0 21 118 38 168 -193 87 -115 -10 -29 -7 63 -23 -48 206 -208 -9 -99 -30 122 66 6 -43 -46 1 -28 63 -43 
63 19 170 -89 -79 108 14 -71 16 94 -6 73 82 113 -53 -1 69 39 39 131 103 46 61 -92 47 -3 108 -55 -44 -34 122 73 
21 16 -132 89 61 -28 -95 102 29 123 -130 25 -160 -37 161 30 -65 39 -39 -15 -9 20 16 -22 5 104 -43 137 85 -34 73 -110 
13 45 109 80 -36 148 -7 -14 9 -38 173 7 128 -19 31 -31 122 9 11 -14 20 -14 128 -38 -7 15 -1 20 80 44 59 7 
-93 149 23 -1 92 4 -11 -33 19 3 84 64 86 -35 108 150 115 5 103 18 43 61 -28 61 -23 9 -16 -51 87 22 71 11 

65 -45 68 -107 52 28 -71 136 -84 231 146 132 63 140 54 304 20 125 75 26 4 18 85 25 143 -1 149 194 69 103 273 67 
139 26 -55 94 35 214 95 38 161 19 111 94 -47 64 42 87 26 -71 122 -14 -16 127 173 30 -114 54 46 -72 -97 93 82 87 
-21 -63 -36 -89 187 131 -69 -46 91 183 152 -27 -5 26 -54 99 -51 173 24 81 180 179 223 36 102 59 258 56 180 -5 212 -13 
69 -16 47 178 125 17 36 121 71 93 190 77 79 27 212 6 81 198 96 262 155 241 199 116 120 160 162 43 -2 70 -130 -4 
26 73 1 -34 -68 129 131 22 108 122 197 44 13 156 47 89 176 -10 129 173 185 148 101 64 219 137 124 69 -2 62 2 -99 
45 31 -19 104 66 210 -75 79 2 70 21 32 -17 174 182 98 -16 98 66 169 124 151 124 137 -22 160 115 48 -9 88 -90 122 
14 -16 55 114 97 32 275 12 197 34 150 34 50 57 236 81 163 101 68 45 240 30 126 -146 72 183 -2 -26 -52 -56 132 -28 
17 131 -47 224 -34 244 -82 115 -91 59 178 53 95 151 102 197 15 73 250 87 57 210 8 112 89 110 271 -93 235 88 135 29 
125 20 294 163 117 225 187 -145 106 45 117 84 55 14 21 26 27 100 32 178 73 225 -15 104 7 159 76 57 65 141 -127 54 
82 113 -51 56 -13 70 70 1 94 55 67 3 144 64 94 113 106 116 0 79 107 65 178 -30 227 54 251 19 107 -16 12 18 
112 -14 109 241 29 167 93 35 205 69 68 -34 73 74 11 258 132 -6 78 83 102 43 208 49 58 45 5 102 6 125 38 210 
104 122 220 -88 112 -9 154 209 140 -12 85 208 233 239 165 190 103 94 92 66 106 224 30 192 182 134 59 70 16 129 98 -87 
-13 296 24 176 20 65 100 -7 37 -65 101 221 148 -70 76 63 96 -25 -40 163 152 222 167 97 98 149 -15 212 91 152 3 121 
18 -91 216 -29 105 58 17 206 -2 233 117 -20 -79 135 63 47 64 -70 85 162 202 55 100 -133 125 155 260 288 230 45 256 66 
-82 80 74 138 105 -3 210 68 222 -158 210 -164 94 1 269 -7 8 2 80 161 60 24 79 24 56 116 99 -12 -8 -20 238 -41 
33 115 178 -40 210 -71 58 38 -55 235 -54 158 29 207 86 56 -37 -92 178 149 -14 137 -63 24 45 33 -96 109 -5 175 93 24 
95 337 156 242 75 -75 164 16 174 20 70 -61 248 106 134 9 31 162 4 34 84 143 -13 182 -70 183 44 43 356 59 101 -53 
217 172 207 55 123 30 167 -24 42 -43 -89 94 -17 54 -60 80 251 58 168 52 309 135 226 79 116 90 112 84 111 96 -25 51 
90 111 166 123 74 170 -48 114 22 36 121 -118 136 -77 59 139 22 295 -10 207 117 213 -4 312 -21 119 212 214 41 -10 28 25 
11 2 197 66 164 -13 91 9 61 -13 64 68 -46 140 34 197 61 53 50 63 61 -48 236 -108 18 109 188 -14 15 125 93 32 
-4 17 244 8 161 52 143 38 141 65 114 89 -35 71 222 129 98 25 243 58 63 163 -30 202 300 263 3 8 184 -27 41 41 
16 68 87 47 206 134 3 273 -11 229 33 -132 104 7 137 -74 157 145 107 57 271 -105 248 192 216 26 110 111 -55 51 61 -22 
77 213 89 222 158 -66 330 -64 113 24 139 64 160 19 80 141 183 191 138 49 117 177 163 167 -148 98 -13 84 149 14 72 107 
140 96 192 146 133 187 -31 66 15 269 -11 170 86 132 23 147 150 62 34 38 127 92 84 -191 125 171 286 149 181 119 91 12 
-50 169 -58 -26 154 -60 91 33 222 179 48 6 137 23 -50 312 46 22 30 80 189 229 35 188 164 118 279 144 8 -61 -58 109 
64 58 65 162 -7 200 112 15 -32 28 -99 106 74 67 179 248 113 133 96 155 114 114 157 -20 133 140 -25 100 -6 87 387 -11 
5 85 163 54 19 183 147 64 8 67 -49 88 92 154 -3 87 92 -19 -76 64 168 200 82 178 116 -25 94 7 66 80 -31 67 
16 163 17 206 -77 79 83 143 233 93 263 48 251 87 74 200 20 28 161 101 273 118 150 39 74 -62 43 145 184 284 104 16 
66 97 211 -109 96 -16 182 212 107 79 18 -81 15 66 59 110 12 -20 -11 28 201 16 116 52 7 44 223 108 100 70 117 28 
230 107 39 129 101 61 87 74 97 63 21 87 180 142 9 57 42 46 -30 148 123 -25 106 -82 12 27 196 145 22 276 83 63 
46 135 -75 179 220 144 22 194 -8 -4 48 91 104 54 105 59 114 146 20 27 52 49 -13 94 -13 60 50 156 140 45 185 -42 
-18 -29 196 -51 -108 205 -59 82 54 54 160 123 135 166 -34 93 229 65 120 150 54 122 47 8 113 157 58 29 197 61 142 249 

4 -45 133 25 -54 127 74 228 153 -93 225 85 268 157 103 50 88 171 23 192 41 77 173 158 76 144 62 0 202 101 288 220 
187 91 -52 -105 232 235 89 0 74 102 86 136 118 -42 -33 69 116 59 15 217 115 109 210 114 -34 -94 209 122 141 -34 214 108 
30 75 -19 20 47 172 121 16 31 152 155 178 80 -12 29 125 242 -41 157 184 261 218 137 54 224 -5 130 284 17 44 -74 49 
-107 106 30 -21 98 96 145 190 55 48 208 167 150 187 117 239 134 160 51 345 119 112 279 248 184 186 212 115 -15 118 112 -79 
146 -15 -2 63 6 105 247 89 40 -13 214 355 96 103 297 127 6 237 174 78 320 110 123 95 270 262 190 221 84 98 46 5 
25 179 23 150 63 70 216 84 103 262 45 177 222 -37 246 286 82 105 140 39 210 284 97 168 20 149 94 80 45 113 61 -88 
-4 86 75 -6 5 217 63 261 137 98 103 31 285 71 -86 193 174 109 125 227 236 220 69 318 -67 105 226 203 43 -97 -8 180 
47 144 135 93 136 312 157 -16 107 -134 242 266 -44 91 136 -62 144 321 189 87 90 127 190 101 117 13 244 203 124 52 60 156 
28 178 179 231 -49 249 399 102 -71 91 79 102 108 -37 81 105 102 317 81 152 63 144 340 -97 -2 62 238 70 42 8 154 81 
24 64 82 185 270 65 145 216 -60 -13 132 40 80 212 120 250 176 198 -69 -92 318 201 160 158 -54 238 161 86 -22 168 93 152 
99 326 179 75 267 155 48 35 216 80 142 134 -23 291 156 143 319 98 59 220 147 -5 73 209 220 302 -40 127 58 252 48 26 
97 388 210 -28 86 81 48 247 76 99 71 121 318 222 94 95 237 -37 159 261 12 91 305 84 129 234 38 101 216 176 170 98 
-88 47 298 65 94 34 105 174 165 108 67 -34 225 189 -9 -14 145 159 -55 140 187 159 174 59 114 119 267 228 345 254 250 17 
21 129 96 51 163 -46 160 120 377 107 30 135 30 16 319 210 109 122 124 -6 134 126 170 183 15 188 352 276 128 267 206 79 
141 139 182 111 193 146 121 -77 132 144 -63 186 142 36 208 374 -14 -130 198 185 113 92 56 103 124 76 53 161 122 -32 151 78 
107 285 164 174 223 74 37 48 208 0 6 57 122 41 141 27 130 -129 -4 153 71 201 296 -58 -159 75 194 0 87 103 316 97 
141 242 349 190 238 174 45 193 -46 118 -44 145 164 -97 232 143 16 162 52 159 53 120 254 247 75 91 251 56 -20 174 123 96 
199 248 225 195 108 220 148 85 -62 148 261 -77 -46 146 89 207 33 273 218 158 184 382 129 121 117 211 278 67 119 35 141 16 
146 91 84 220 104 54 115 51 191 -92 35 94 -56 256 -47 -64 211 130 143 -74 275 168 134 133 362 -8 67 159 10 162 202 99 
72 -139 63 222 404 102 -4 -20 132 133 36 140 -37 -68 203 138 199 72 126 -204 207 186 109 185 284 206 -37 98 130 156 239 139 
-14 -182 115 323 191 278 144 146 159 298 231 23 71 -54 150 227 172 123 136 231 31 92 263 190 226 198 267 114 132 156 -35 113 
-158 150 258 186 168 188 125 153 168 151 172 138 2 179 191 162 -15 240 244 113 257 166 94 190 121 9 153 188 213 62 12 122 
-69 214 317 128 104 220 -48 173 150 135 56 159 187 34 140 129 102 138 279 221 72 114 112 95 142 -29 177 134 220 168 176 42 
73 159 121 90 183 64 74 229 118 109 40 59 158 131 13 79 65 259 137 210 9 137 222 17 105 210 357 332 65 37 75 15 
117 73 168 161 45 144 -63 181 44 37 107 263 -73 130 147 154 265 182 70 131 79 92 309 113 -9 189 204 334 108 14 -7 -6 
116 41 128 122 76 179 27 110 80 70 219 30 8 132 188 217 148 166 76 -34 214 204 68 57 149 133 33 -47 124 -57 122 275 
-7 128 117 60 39 -2 282 321 272 183 80 67 110 155 119 194 132 103 0 77 198 352 324 -3 71 105 80 62 105 177 151 99 
-30 -56 200 136 163 -79 356 381 215 36 34 131 89 185 202 169 74 136 43 205 103 191 146 117 189 71 52 276 172 281 253 111 
84 193 240 128 27 253 110 149 85 128 47 119 137 113 88 22 246 148 -49 130 65 175 13 -32 224 212 130 193 121 126 210 194 
90 289 196 20 243 214 71 98 116 200 119 85 32 59 326 109 -49 295 60 -40 138 209 68 -9 26 104 176 145 286 173 75 158 
144 147 147 -22 264 204 168 12 156 36 64 63 93 108 79 234 116 59 81 -12 91 60 112 45 36 -67 174 86 54 196 5 69 
52 110 80 -22 -3 46 178 66 81 128 11 175 112 191 68 80 65 37 -60 70 126 174 136 231 136 227 131 111 42 20 151 148 

-42 138 261 8 140 153 324 73 45 207 128 194 133 76 158 204 203 142 48 129 91 256 94 264 55 133 126 107 169 36 187 109 
74 -10 113 29 77 213 267 89 43 38 145 289 10 62 137 198 224 211 161 194 -21 59 95 114 97 16 134 191 151 154 80 91 
153 158 -4 68 35 246 206 41 261 -6 20 184 201 13 129 150 147 81 242 228 117 149 -71 115 -123 81 101 28 -24 14 11 72 
-9 12 105 70 -21 76 43 66 68 196 132 101 140 21 42 -9 156 173 307 59 225 287 41 66 121 52 177 155 44 55 -38 110 
70 137 64 277 182 138 117 161 139 181 307 137 213 26 95 106 107 163 277 207 84 325 224 229 85 147 -11 69 28 18 -50 35 
197 139 117 169 115 310 57 101 120 179 257 134 66 104 86 53 218 76 260 28 181 116 206 124 260 183 196 130 100 69 4 33 
38 147 32 190 301 212 112 161 104 27 2 64 102 74 127 210 184 55 124 271 203 45 139 107 -27 100 258 86 108 109 6 115 
37 -31 19 73 277 60 228 269 166 -55 32 -4 123 45 104 271 183 163 123 206 152 178 102 72 -15 56 216 158 123 44 202 99 
-43 72 42 107 224 126 94 2 79 99 -18 46 -83 58 86 235 252 139 302 161 31 134 65 188 156 58 144 153 178 275 171 146 
120 85 322 289 299 116 254 -54 90 196 72 109 158 73 48 110 111 97 -14 184 221 311 17 107 89 262 51 279 62 302 49 155 
90 39 133 204 238 37 -47 125 82 101 99 20 125 218 242 128 83 110 147 15 251 177 126 168 119 280 120 134 11 137 148 122 
164 6 14 252 201 171 -4 215 237 228 237 74 -6 213 149 242 99 111 223 62 -14 192 162 281 69 166 126 206 122 264 181 175 
196 123 78 105 114 82 106 224 62 143 99 206 237 40 229 277 273 110 236 -8 122 288 73 225 143 186 181 113 179 50 139 51 
160 240 158 357 55 164 127 -6 96 41 202 104 116 -27 -43 111 252 95 -56 87 277 249 126 220 54 149 94 159 133 135 -67 94 
180 119 155 236 172 228 193 97 134 98 261 60 -20 137 127 120 168 19 81 -86 220 163 28 172 -40 316 91 209 56 77 -123 108 
37 185 84 326 283 298 225 144 206 -3 147 146 72 133 260 195 74 154 139 57 89 199 36 279 86 221 23 146 -111 91 -55 41 
93 284 222 210 161 84 75 183 68 240 71 201 45 231 23 62 60 184 257 143 -18 230 28 230 119 271 -85 65 -19 208 14 56 
123 242 185 226 157 115 59 128 49 133 142 50 135 121 230 183 -24 280 217 164 25 86 163 76 255 264 106 212 256 259 27 95 
176 78 137 -47 155 165 84 -1 -9 54 18 -8 -2 52 -83 163 249 139 225 125 129 99 252 176 229 139 168 151 200 152 175 191 
-3 138 109 151 139 178 59 157 52 100 7 80 136 -99 18 105 241 263 62 194 199 34 119 170 100 103 153 259 185 158 184 56 
-92 112 189 279 244 62 192 89 72 264 25 233 157 94 183 161 225 4 129 113 238 118 103 -78 -77 96 12 70 215 136 226 23 
16 177 216 245 170 65 57 226 175 320 41 72 232 171 271 176 210 -21 199 245 163 190 -77 77 138 266 214 31 84 -39 98 -8 
64 290 193 205 218 34 27 128 91 261 115 26 -21 112 88 98 103 309 117 188 178 211 131 157 104 49 294 309 57 44 33 40 
117 273 272 255 209 38 176 15 -1 -11 127 121 93 59 -90 135 225 408 285 266 23 385 53 163 -3 -9 124 253 342 260 82 136 
95 193 237 313 191 187 165 243 -9 117 153 17 113 167 -32 -36 62 305 104 170 79 274 156 9 163 90 346 260 206 176 101 118 
-71 59 60 150 -11 -13 50 235 212 261 297 46 203 199 171 53 16 14 153 1 81 215 229 319 273 203 235 237 139 135 78 129 
45 53 -3 100 118 136 186 149 242 54 233 -10 317 90 329 137 190 53 143 92 78 79 158 147 215 312 259 154 195 228 453 217 
48 225 129 140 241 138 261 223 107 9 4 107 157 141 120 -35 248 -6 70 57 84 193 158 205 119 89 303 209 277 246 137 158 
47 377 232 189 214 129 194 216 126 86 199 179 154 250 167 64 225 12 198 151 118 156 139 188 125 74 88 242 276 129 328 77 
53 268 258 78 172 86 165 163 148 199 -34 76 10 138 214 106 209 -36 73 -3 129 102 142 234 97 131 46 180 187 -69 235 102 
106 145 7 205 131 46 84 49 145 126 92 53 21 64 188 38 37 89 6 10 68 62 77 90 -20 66 -35 128 173 -3 110 53 
65 85 82 -49 -103 55 55 100 -4 46 33 134 205 239 117 4 14 -3 -85 -6 195 90 182 147 200 196 188 39 -7 -30 1 124 

-87 47 -1 -27 107 31 132 184 -108 20 71 -10 70 -30 55 27 59 106 -62 39 39 -12 -14 108 145 84 -82 -102 135 -10 -58 -19 
153 45 85 44 142 67 319 159 -89 -49 -50 223 86 0 66 82 54 173 -127 154 -30 -53 -21 55 18 -80 22 63 171 59 41 -102 
160 30 23 148 -16 -14 69 -18 59 -55 -185 39 32 -19 -25 174 124 -27 183 41 166 -74 -188 -65 134 -28 72 -18 -35 -10 -91 31 
-117 27 23 40 -94 -113 92 78 -40 52 5 106 159 -5 -83 8 87 227 146 66 -123 -43 -64 3 82 -31 86 42 -12 -70 63 78 
172 152 103 120 95 66 58 32 -11 -14 139 29 70 -163 -171 10 42 119 9 91 -56 139 46 102 8 4 -124 41 104 -7 -19 54 
75 75 86 149 21 122 -16 -42 44 102 75 71 -99 -133 -105 -78 182 139 111 -76 -60 -95 20 38 111 -31 -82 90 -96 -110 -103 -46 
19 170 111 70 110 81 -72 273 116 -18 -167 -45 192 -32 -63 103 86 -140 -101 89 97 -70 35 152 -169 -22 36 284 244 73 103 51 
-36 -62 95 -52 162 56 35 200 19 -330 34 -32 -36 25 15 36 153 162 187 53 -6 -104 10 9 -3 -178 -7 77 -49 -108 249 17 
-122 54 63 7 50 56 -61 51 64 118 91 -35 -75 37 56 -26 92 93 -18 55 -100 33 23 108 208 -57 125 53 255 150 213 -68 
-82 44 90 33 170 -13 16 7 -183 -116 -132 -78 42 -35 63 24 53 117 -104 -50 71 147 -73 -16 51 157 119 4 113 128 25 3 
-20 68 114 209 224 -69 -58 -25 42 134 193 -48 23 134 112 -73 -102 -64 62 139 162 -112 -46 18 133 149 113 57 44 199 -10 -6 
93 36 -108 3 19 -32 -36 61 154 164 28 -50 22 107 99 121 58 59 296 -57 -211 0 91 164 36 -91 -68 33 -70 93 -38 48 
13 -38 -8 47 78 114 36 -82 0 189 -64 81 197 25 35 121 141 78 17 -48 45 269 7 82 78 -25 190 53 236 77 54 -68 
83 375 67 230 43 76 -67 -204 125 -40 23 95 -36 -197 -88 0 232 135 -94 -8 114 -22 21 232 96 -80 9 -74 -69 -33 -171 -56 
152 -47 -72 19 106 309 189 34 54 -16 -30 21 -41 9 105 108 65 33 -20 -172 125 164 81 -27 19 -31 46 13 37 -32 -77 -30 
3 -64 -131 157 181 167 64 -82 180 -123 165 75 42 -9 21 3 21 -45 -62 -118 -164 -20 26 177 42 -18 -41 -9 -228 -200 141 7 
69 92 135 111 100 26 142 247 31 204 68 144 -26 134 139 -10 128 133 137 126 -130 112 -18 42 71 198 -110 -71 -147 84 -22 -81 
38 51 -23 -38 56 53 29 -1 -59 94 216 26 76 -34 218 150 -52 90 62 97 -90 76 79 115 74 123 -152 61 193 21 97 57 
155 -4 -71 -107 -14 -59 14 -85 66 -24 -46 -251 -48 145 -184 -30 251 93 -2 -74 37 -61 -4 64 284 39 -15 14 -47 93 73 71 
28 -5 -48 77 135 -16 88 -27 100 -107 16 110 34 -168 -169 121 212 199 -33 -34 92 -75 45 80 -16 -20 -6 149 33 179 69 45 
-34 -96 132 144 -67 -111 36 -76 90 90 28 67 144 27 152 121 120 -55 25 176 48 126 43 -257 -156 -25 70 45 186 156 16 -35 
-14 89 187 74 15 15 -40 78 185 64 -28 4 11 -1 123 -10 -56 -75 130 119 22 7 -110 -43 -52 111 82 -29 -27 -198 30 -12 
65 207 181 128 -69 14 -184 51 -47 -46 99 104 -19 -15 87 -177 -13 72 155 103 61 -152 101 54 -10 -39 19 103 -18 22 61 -107 
90 46 175 137 57 -37 170 115 104 -118 137 39 57 20 -52 -153 24 278 221 137 -61 58 54 48 56 11 45 139 235 271 92 -11 
73 -4 148 169 78 96 109 105 -118 -139 53 108 -184 98 -87 -140 -60 245 72 76 -8 -41 143 -27 33 65 79 100 78 177 4 34 
43 5 36 42 13 -57 -159 126 89 59 247 59 3 179 97 58 -117 51 69 -87 -32 -24 128 165 214 296 99 -18 75 9 -7 84 
-3 -37 -248 -89 -40 67 9 57 139 58 -8 19 129 39 85 11 -1 149 9 2 -47 -49 143 9 190 334 219 82 114 174 319 220 
93 28 20 72 112 104 241 59 45 -83 -34 12 28 -79 7 -22 -29 71 -20 16 -116 77 26 7 216 111 168 89 105 96 -71 97 
35 110 266 85 -68 219 47 -111 -47 -12 141 49 89 47 97 -68 67 66 52 116 -32 52 104 -7 216 80 120 52 13 -27 65 131 
19 84 164 -162 -40 108 -68 11 -15 308 43 -4 -136 -136 153 -8 -2 -58 -98 -93 -26 74 125 84 145 92 -30 -31 223 -16 31 107 
60 29 169 106 61 83 93 -3 74 63 112 -12 40 111 167 2 -2 81 36 29 44 53 192 -9 0 55 46 -82 76 5 -119 57 
-52 43 3 -25 130 97 -105 13 57 20 24 2 162 0 18 105 131 -19 -22 -29 84 70 45 -6 80 8 126 -35 -26 4 128 171 

7 193 8 -41 109 113 129 107 -117 90 260 18 82 90 105 235 108 137 47 -65 87 -97 101 90 25 -131 71 280 -33 -72 82 120 
108 86 -93 -57 101 -58 162 137 -118 42 10 206 86 -184 125 128 25 166 101 116 -23 -66 68 28 100 68 1 74 -43 44 84 -118 
-71 57 -60 -178 126 205 33 79 83 63 133 278 -16 140 -108 92 234 48 104 1 300 117 215 -100 167 57 201 43 -37 89 10 24 
92 122 -65 170 153 -181 -61 115 57 149 5 49 121 -88 152 237 -194 187 79 188 192 255 122 252 83 220 199 134 158 98 154 -96 
160 -31 115 74 175 16 188 122 49 196 202 28 -46 124 32 57 192 96 158 29 93 160 64 94 205 105 109 -94 -137 -148 -63 69 
16 168 -17 56 -42 158 70 -22 19 13 46 140 2 77 41 78 -9 108 50 317 70 175 148 68 69 168 110 312 257 -40 -100 70 
-27 -43 195 38 101 286 114 -3 -87 -107 -4 73 53 -63 120 -17 149 251 94 55 169 17 39 100 -74 151 87 9 -37 -10 85 -32 
117 85 -14 105 223 82 54 323 180 -51 128 134 -14 204 100 31 137 68 17 111 190 -104 225 -47 51 -21 184 151 181 93 167 58 
63 26 153 114 161 91 -116 -49 -40 52 40 -28 91 -62 38 183 227 110 -31 144 92 299 69 50 116 120 11 11 184 -13 231 -34 
69 189 232 83 120 197 96 80 41 217 127 177 67 108 93 -92 101 -1 52 105 163 42 92 84 372 220 110 -38 98 18 182 -105 
43 70 64 14 53 8 6 -2 212 33 87 -137 172 266 155 68 268 179 -164 65 164 38 117 -27 208 129 121 2 51 183 46 54 
32 7 108 143 168 75 -10 210 209 84 -15 63 157 2 230 175 -15 -89 176 76 29 217 143 -40 188 84 205 126 229 159 255 8 
182 255 -2 61 109 -108 160 58 1 222 150 190 155 8 58 311 52 103 88 117 -27 159 223 146 186 -131 147 115 23 -38 91 133 
170 75 -5 195 201 58 118 -81 -76 204 47 81 69 38 142 30 97 -49 19 119 337 274 34 -150 157 155 149 168 200 -2 -48 5 
90 71 91 229 47 154 81 44 38 -80 -14 34 -58 -28 87 64 -73 7 -183 6 -39 2 206 -15 67 -138 257 -155 42 88 153 -26 
80 216 167 70 159 278 175 96 131 10 99 -3 128 150 66 37 132 170 155 -3 122 100 52 9 248 169 -98 -49 114 108 131 -5 
198 138 8 153 44 -17 -34 192 92 72 203 237 -23 155 275 -72 -123 285 168 50 26 259 172 26 96 30 270 102 126 70 48 9 
275 101 27 100 60 -48 77 -104 77 -62 -105 -69 -105 128 89 -27 169 98 52 -63 153 177 -13 89 82 197 -19 77 269 125 233 -35 
84 53 150 138 151 136 51 -39 -18 -92 207 -45 -55 -153 55 120 213 79 107 182 -32 90 245 74 189 164 -10 58 39 209 73 113 
-21 -58 229 45 181 80 145 103 302 10 46 56 130 124 -8 201 172 151 100 183 301 -47 -74 139 54 116 207 144 55 60 -32 105 
-3 107 161 143 34 -47 118 111 151 71 240 60 -28 37 258 81 -64 244 3 209 -3 102 11 60 152 67 72 -4 -65 114 -55 -26 
19 140 290 232 -15 -94 -22 -8 143 68 7 -75 42 255 13 -31 241 232 135 132 195 22 173 115 90 166 159 131 3 -19 80 54 
45 126 101 213 207 218 -9 121 226 -48 36 -33 3 -145 -12 65 229 126 177 127 150 104 315 114 -129 67 167 293 200 -71 118 76 
301 199 135 116 143 128 86 -175 17 80 143 289 88 -72 93 -16 136 202 55 79 224 65 153 56 -45 102 192 162 149 146 99 -42 
-17 55 142 188 88 -13 236 191 266 -66 72 215 17 270 86 -60 76 61 64 -145 171 229 101 112 120 310 108 93 -6 71 -35 92 
4 -221 -35 63 57 23 136 251 77 43 174 3 -10 213 218 125 51 70 112 81 117 108 272 112 219 189 102 48 128 101 359 171 
88 49 129 50 54 70 245 111 -75 144 -165 168 99 152 107 258 -3 89 -43 36 254 142 50 160 207 199 81 65 33 247 162 185 
114 237 165 101 5 135 62 -30 234 -28 85 -33 206 141 42 28 -53 201 -37 106 105 72 90 -8 -14 131 240 103 -49 207 106 60 
137 143 188 71 -76 193 101 165 49 102 122 4 -42 65 240 141 -77 16 75 80 61 126 222 -14 -25 -181 214 174 185 134 -21 245 
118 130 94 46 44 165 161 135 -5 122 3 -60 71 212 -52 50 145 83 -11 -24 57 127 6 -24 133 -6 11 80 -14 46 28 58 
136 -35 -83 45 23 11 20 -129 141 -43 103 68 41 -110 66 -2 -45 -2 23 -16 101 -131 47 -2 23 -37 90 39 57 88 -6 59 
