18 17 176 44 -58 122 19 7 76 138 118 230 112 295 36 236 74 112 -33 194 -23 52 30 28 -47 -58 -53 69 -53 -108 -7 21 
62 137 146 65 -84 -134 11 67 -7 -35 82 38 107 -20 -13 169 74 165 -27 149 -9 -118 -81 -18 54 -15 4 -56 29 32 23 2 
-129 40 118 94 -26 12 231 72 -90 43 23 88 -18 -73 17 -15 67 146 -8 -60 -41 -30 98 -15 -13 -83 19 -32 -32 -6 -64 -37 
22 107 -15 69 99 41 23 -73 23 41 -4 -23 71 40 -7 68 122 68 48 45 71 183 88 150 137 48 34 39 90 30 6 15 
1 179 -63 158 12 118 -36 72 -41 41 54 55 6 51 48 48 140 178 -45 50 24 179 170 99 177 186 52 78 -4 -33 26 53 
-29 235 40 7 -9 185 54 122 79 -19 32 0 38 -15 -17 43 293 52 140 222 219 193 82 104 49 6 35 63 96 39 -20 -39 
31 76 -91 45 22 127 48 7 -80 -40 17 16 7 6 -68 13 204 230 51 152 39 184 102 156 87 -27 58 86 -42 -92 -17 -87 
1 161 47 44 169 134 40 66 104 70 25 -54 -13 5 -33 30 292 169 181 206 260 211 107 107 3 -27 -59 59 -6 -27 27 -45 
13 157 -8 106 105 146 112 22 -67 -70 52 61 51 59 -23 7 213 86 -105 62 5 229 53 25 82 15 17 -64 80 -16 53 40 
18 169 -47 -19 209 168 75 -42 -88 -82 44 -68 22 -45 101 -51 139 164 267 222 121 46 68 45 41 -20 11 -51 78 84 30 -17 
50 210 38 143 226 202 34 -11 58 57 50 40 72 -15 7 46 143 170 134 47 93 280 33 57 19 7 28 47 27 31 -96 9 
47 147 81 150 70 164 128 70 71 103 -48 16 47 79 95 81 145 122 122 138 51 43 34 153 132 74 85 11 -39 4 34 70 
-14 195 83 116 93 5 -113 76 151 53 -33 -28 20 55 23 -66 277 139 31 -1 -87 61 56 255 130 25 18 26 21 55 56 -22 
23 171 -65 98 -39 126 -18 72 -3 -80 95 31 41 -40 66 -25 131 137 222 145 171 229 165 82 60 39 105 1 89 93 -4 -63 
-34 193 108 74 99 51 28 -49 177 53 -52 71 82 32 -4 45 372 136 26 -52 172 212 27 59 -21 -61 -17 58 -51 38 -29 -51 
3 105 -64 98 -21 124 120 12 -43 -11 -26 -30 -82 67 -24 19 31 128 -67 158 9 240 0 76 -42 56 -64 -92 -57 -5 88 19 
3 118 153 186 219 56 -114 -47 74 19 78 28 -4 44 112 98 234 57 145 195 96 -5 43 11 35 88 13 120 23 76 96 40 
34 139 -20 23 46 58 50 67 4 56 -14 -142 45 42 112 34 309 157 74 191 47 155 111 58 32 58 -105 -15 41 87 148 -35 
-17 142 211 65 74 103 80 127 79 -48 -24 22 43 -6 -84 55 141 106 11 147 265 202 155 154 70 64 -84 -85 96 27 -33 -22 
-28 176 -6 113 45 -151 93 -79 86 19 33 -66 12 49 24 -39 128 212 40 192 212 165 11 115 87 24 6 62 -29 71 19 33 
-6 149 209 -45 178 11 134 -27 -37 21 -13 -36 30 -83 23 -45 168 133 158 1 31 133 85 114 -3 81 86 -32 -19 -48 58 -4 
-18 177 98 -14 40 73 -44 67 152 104 45 19 0 12 33 12 176 182 -42 85 -9 119 95 59 144 226 10 75 35 -38 2 -58 
22 70 275 89 295 97 13 99 139 33 -37 1 9 25 -30 9 88 190 173 308 190 145 98 191 175 59 -27 16 9 47 -71 -32 
-12 166 145 123 21 186 183 18 1 -110 90 22 24 -28 37 -71 47 225 63 75 -8 74 65 143 28 -42 3 14 -20 39 49 -39 
-34 39 251 249 146 170 -29 -5 24 5 123 64 -10 135 41 -65 181 121 17 29 11 80 159 8 152 26 -34 -33 66 2 -36 -82 
-1 166 -40 180 217 188 61 60 77 -29 31 -16 -34 -51 37 95 262 149 73 35 219 -18 69 12 -8 115 -23 -65 -79 -51 -8 63 
9 149 138 111 -60 131 116 60 -1 -142 -56 -87 40 46 86 68 125 147 167 20 144 175 91 188 187 56 6 -43 -2 115 60 57 
-18 126 30 53 127 180 48 -13 97 66 -22 4 39 121 124 -7 32 222 32 136 193 70 164 62 102 49 70 -96 -28 4 158 91 
-13 137 97 40 6 67 -91 45 97 176 -12 -6 -44 -45 74 33 132 144 54 40 217 224 37 12 149 27 -49 16 93 28 -4 70 
15 156 55 22 -19 82 20 133 161 94 66 -44 9 5 130 -19 117 146 11 171 177 72 85 -39 21 3 -11 -41 41 15 7 51 
-1 97 92 125 109 148 119 32 -67 42 7 -16 130 4 -16 46 139 121 175 170 99 50 44 -61 1 47 8 -84 51 56 -10 110 
0 139 105 59 99 251 46 98 70 60 0 -3 7 19 22 7 130 -31 130 -20 -34 57 70 -11 11 -9 0 25 37 53 22 10 

109 -49 -32 38 -61 135 59 84 107 17 59 143 103 161 -32 101 113 -3 42 259 8 18 12 71 78 17 -65 124 67 -18 113 94 
0 17 119 -27 -29 64 114 217 74 21 152 -46 77 8 -88 11 -11 163 -16 49 9 10 87 11 69 -57 13 -19 98 -65 55 56 
43 -36 -70 69 23 1 165 115 -39 26 37 175 17 -33 35 -34 -33 28 100 96 119 43 160 -26 -64 -35 75 15 9 2 8 16 
-55 -28 104 -61 -70 23 37 -16 49 122 44 96 108 111 30 79 256 -41 63 108 228 204 131 79 158 90 97 100 112 31 -2 17 
-34 143 27 89 -28 84 -83 146 4 81 51 9 82 126 78 180 29 94 -46 129 141 148 205 181 95 115 96 67 16 46 -9 75 
-12 -30 30 190 -27 131 204 169 153 -11 101 16 44 71 134 82 188 14 134 60 134 170 44 -63 140 131 3 40 26 -69 11 -43 
1 -7 -29 71 -101 181 53 123 -31 89 19 6 75 104 80 176 117 46 100 233 86 223 33 64 122 52 34 77 105 60 51 -47 
53 -103 91 74 139 187 179 62 71 -54 38 -42 102 54 37 37 8 146 278 137 205 138 80 127 -63 147 -10 57 67 -82 53 38 
8 121 76 168 111 282 54 37 104 -81 112 147 16 99 135 19 90 14 86 50 37 225 171 118 112 -65 203 -56 162 -28 52 44 
33 4 145 94 113 118 149 -79 -41 -68 -9 -87 75 -122 94 92 124 105 164 195 100 92 203 66 7 -65 163 -14 -10 -46 -36 102 
-32 76 102 148 237 239 103 93 39 90 177 53 94 -17 8 108 70 113 14 -27 77 273 13 60 41 72 72 4 -60 112 32 31 
27 89 193 102 -33 88 171 129 131 86 -18 57 -9 161 103 83 149 60 191 74 184 -31 113 149 149 167 39 70 13 116 -4 123 
-18 27 71 74 112 124 -85 77 59 54 65 8 -29 21 96 -29 215 -92 7 181 8 165 153 178 136 78 111 102 112 111 209 27 
-73 148 89 28 -48 20 3 16 135 75 96 -15 130 -96 48 59 0 63 13 158 157 180 165 83 130 -18 143 121 19 -2 102 19 
-54 66 203 67 105 16 188 47 123 153 0 6 51 93 112 132 173 -34 241 49 141 131 29 5 -25 37 31 116 -46 62 33 64 
15 106 4 226 12 34 69 -126 -15 -10 -25 -7 11 88 18 154 34 -42 -14 190 79 182 62 167 -2 0 -47 -26 56 -43 126 17 
50 155 266 163 120 70 -21 -29 195 35 12 81 72 62 65 47 222 50 58 197 47 83 202 139 -1 125 37 154 -8 6 125 103 
29 12 129 38 103 74 27 54 -74 27 66 -74 138 -132 79 118 147 174 79 156 59 187 138 217 36 116 68 110 50 -73 32 15 
62 0 148 142 211 47 101 10 64 29 16 -34 -145 10 -55 24 -53 1 115 36 69 179 244 130 36 118 123 -33 29 -26 -6 36 
-33 77 -55 138 296 -8 196 -67 175 -109 95 28 71 46 65 27 75 69 26 131 32 132 -69 23 173 96 -74 133 -39 114 84 112 
-1 -54 198 -51 378 -78 97 -64 10 90 51 64 71 -25 199 68 236 -44 299 95 198 94 91 100 89 120 57 88 13 -1 82 57 
78 -50 61 144 132 61 84 -51 158 188 51 61 15 -32 76 120 89 48 76 223 -35 49 159 126 160 234 27 6 56 -24 -132 14 
40 7 262 68 171 106 -18 -13 79 56 -17 17 38 55 82 97 40 130 12 113 266 112 104 124 173 74 5 86 37 111 77 -21 
-4 99 99 192 189 137 193 -128 232 -12 78 -34 118 -102 46 100 88 76 173 89 0 98 19 111 -21 24 100 155 168 31 133 54 
73 38 150 124 -47 86 -51 -57 14 32 11 139 -1 -56 -47 51 130 23 50 127 189 55 275 21 92 63 130 47 7 -70 -2 -62 
-41 110 41 129 100 162 91 37 142 -3 -33 110 9 75 43 78 155 65 51 -103 199 79 41 85 -77 69 40 40 -78 31 -71 66 
-14 -42 226 224 -46 174 50 50 80 -5 85 -50 10 33 121 192 1 10 280 -2 181 158 220 121 170 91 24 34 160 108 206 157 
35 20 19 118 58 127 117 87 32 159 17 62 34 5 46 154 -112 99 -27 136 244 77 240 43 73 -10 87 -51 60 60 65 149 
53 54 90 136 40 45 23 61 56 130 0 25 31 -12 -11 164 55 65 57 20 73 28 91 -107 95 75 67 116 -3 106 12 42 
31 39 172 171 -11 247 116 135 181 13 124 -21 72 -30 83 2 112 19 -5 141 156 40 166 -98 40 -31 19 28 113 168 145 113 
89 -60 -47 43 99 91 135 171 25 52 18 -36 84 14 70 124 244 116 99 150 97 11 45 -100 -16 -5 57 -1 -27 157 -29 100 
0 1 141 -9 -88 121 72 105 67 45 0 -1 -26 -16 -31 -6 101 43 21 -28 -52 60 35 3 -48 -28 0 -10 -6 -46 -41 -45 

82 17 -40 -24 -9 89 141 39 -41 48 -44 7 -62 -17 3 -83 -37 -69 -117 46 25 46 34 51 4 28 -1 -26 -4 5 -53 -35 
-65 -95 -86 -109 40 29 -8 20 -2 30 36 41 -50 -61 -58 -54 68 -28 -19 29 25 86 10 -19 126 108 -22 8 56 -14 -10 -41 
21 -16 -40 70 77 -20 66 129 87 -119 -65 7 90 124 60 69 -42 -107 57 22 -58 -53 -137 -97 -79 -27 -32 -2 12 29 49 17 
7 9 105 -124 -38 14 -31 -9 -43 -63 -118 -22 -74 -33 -130 -78 -14 -96 -56 -93 80 -60 -42 -247 10 -104 -43 -59 -37 -48 -1 25 
-91 -100 80 -67 20 -84 19 -18 21 -6 -69 -91 -10 -66 -64 -35 -58 -42 -3 -18 -169 -151 -116 -114 -224 -139 -120 -109 -46 -70 -16 48 
-4 -114 31 7 -23 -60 -43 -34 28 5 -20 -15 -47 -13 -82 -79 -66 -3 -133 -38 -94 5 -47 -152 -25 -123 -99 -21 -44 28 17 30 
-14 -31 10 78 73 57 -18 -44 -58 -5 -111 -12 -17 0 27 -45 44 -120 29 -82 -126 -133 -51 56 22 102 -128 -35 60 96 -36 33 
-16 -103 24 22 -101 -68 -32 117 139 32 -54 -44 70 16 25 -15 -109 -181 -131 -45 11 -18 123 -105 -51 -64 -82 -6 13 -46 -10 4 
-61 -167 -127 -130 -24 -17 -120 -5 -49 -84 -78 -114 -69 2 59 12 75 -16 72 -86 -96 -177 5 8 73 -7 -17 -27 -20 -87 17 -9 
-82 -117 -48 -21 -120 14 -9 -29 106 41 9 31 -93 -54 -100 -57 -58 -72 -43 -3 -105 -38 -106 -46 -81 15 -20 -14 -19 -2 44 23 
-121 -116 -30 -14 35 -84 28 -52 -19 -105 -130 -69 -41 -57 -39 -62 -14 -104 32 13 113 98 55 -222 -110 -62 58 -36 -15 -58 2 -27 
-84 -178 46 -22 60 -58 28 -82 -81 -32 127 -102 -189 -117 -108 -65 -166 -139 -77 -123 -159 -209 -58 -163 -63 -89 -95 2 -59 55 11 61 
3 -136 -119 -151 65 -63 -61 -53 -62 129 11 -75 -62 -34 -3 108 31 -49 -5 52 -33 31 -21 -88 -4 18 -42 -84 -110 -93 -24 -3 
-67 -24 46 -75 -77 -107 -24 -154 -118 -80 -106 -19 -21 -55 -107 -52 153 -82 -86 61 -38 31 44 21 2 -47 -156 -176 -188 -119 -129 -74 
11 -38 -18 -100 -69 -41 -19 -37 4 84 -67 -21 -105 -93 -142 -91 48 -31 27 -130 -113 -93 1 -132 -50 -117 -18 -106 15 -52 -15 -14 
-6 -137 -32 37 58 76 122 -10 75 -45 66 -1 75 -51 107 44 63 -13 6 -24 -36 -167 109 22 237 65 118 42 3 -169 -78 -79 
-55 -173 -66 -161 -31 1 14 42 43 41 -24 40 -53 -21 -61 -39 -90 -102 21 -46 -171 -116 -26 -46 -24 -63 -49 -110 -147 -155 -84 -26 
-89 -86 -61 -53 -176 -92 -41 -73 -17 -10 -5 80 -53 -73 22 -39 -5 -93 29 -161 -127 -100 -68 -54 -105 -16 -33 -68 -75 -103 -74 -5 
-20 -131 -240 -41 3 67 62 -90 -32 24 42 31 -15 2 -11 24 27 -101 78 -112 -51 3 27 -69 -36 4 9 -61 -79 -104 -29 30 
45 -110 -132 -117 -54 7 -4 90 22 23 5 -36 3 21 -16 -37 -9 -67 -14 -68 14 -49 -64 -15 -7 -8 27 30 -65 -50 -42 -23 
41 -88 -106 1 -34 0 -23 -143 -92 -121 -29 10 -7 11 -130 -41 63 -60 -122 -54 -33 -41 -17 -112 -83 -149 -104 -1 -38 86 -45 64 
11 -181 -25 17 5 47 -25 -148 15 -92 -88 45 18 -20 -48 43 -29 -193 -81 -26 -31 -40 -58 -169 -50 -90 -49 -81 14 -2 33 74 
-17 -73 -153 -11 -79 19 -61 -18 8 136 -15 -2 -86 -6 67 -40 -147 -211 -104 -56 13 -99 0 -99 -43 -3 35 -13 -34 -79 -14 -24 
-24 -82 35 -69 -84 -73 -69 -22 23 -43 -57 26 -4 -90 4 -31 -84 -154 126 -104 -30 -134 -66 47 -49 -5 -145 -108 -55 -49 -8 -34 
40 -74 -31 103 45 -22 184 57 24 -45 -134 -32 -83 -78 -31 -35 -71 -14 -92 1 -33 36 -46 -167 -82 -83 -62 -53 -55 39 75 70 
-14 -103 67 -167 -93 -112 -107 -41 32 27 -27 0 -84 -34 -169 -106 -82 -128 -49 32 -68 60 71 -22 -101 -78 86 80 81 2 -120 -98 
30 -87 48 -32 -14 -73 -122 -92 -34 74 42 86 -48 -7 -17 23 -83 -29 -2 -36 -64 -86 -19 -116 -19 34 20 44 -14 -23 49 13 
13 -115 -78 -59 -47 -67 -76 -65 -35 37 -85 -41 -154 -123 -113 -7 -103 -94 -62 -105 -94 34 46 -82 -181 35 49 64 -76 -77 -141 39 
-16 -120 -24 -16 -45 0 96 -151 -22 -145 59 7 28 -70 -46 19 -98 -66 4 5 -103 26 10 -128 -83 -101 -56 -50 -54 44 -67 24 
-61 -140 -18 11 -33 -59 49 -6 -77 -10 -58 21 -33 -38 -97 62 -57 -81 -12 -16 -1 31 33 63 77 15 -14 -44 -72 -13 -28 -17 
-31 -107 -54 -44 -120 -211 11 -59 -49 -22 23 -4 -137 -28 -15 -85 48 -126 -38 67 -32 14 169 -77 28 -42 10 -57 -42 -8 -68 10 
0 -79 32 -114 -8 -5 44 -13 6 0 0 -1 -21 -15 -6 29 -111 -47 -25 -77 -58 -45 -14 17 -20 1 0 -30 -26 -58 -31 -35 

109 -86 -56 167 17 1 167 -43 90 40 2 40 -66 28 70 50 -4 27 103 182 1 52 37 20 61 -65 26 86 -21 56 55 -11 
-9 41 -53 -118 70 22 -24 -6 -78 89 -10 20 110 -54 8 -52 -24 63 -162 41 -88 -49 112 -39 -4 -35 66 32 27 20 128 -46 
139 -87 -37 13 140 41 104 116 -16 38 77 33 -10 -27 -52 27 -65 -41 135 17 40 70 53 -23 -9 -1 -19 11 -57 -46 5 13 
-131 -21 -100 7 21 48 22 13 -7 51 33 147 -24 139 31 68 70 -40 79 74 121 26 181 85 95 36 155 62 29 61 -11 -16 
54 48 32 129 74 35 -27 -47 64 53 53 19 52 -66 30 33 -51 36 -30 181 259 314 256 300 18 152 42 -69 64 27 -41 -55 
2 -69 21 194 21 224 191 112 53 58 55 -13 -45 -7 45 -10 31 51 64 81 157 179 -39 60 41 13 48 58 -54 -31 -18 -79 
-34 17 -111 111 -132 163 50 49 21 14 -53 56 -17 -12 50 108 -53 -22 109 164 210 149 -75 58 -18 108 -8 103 19 14 -26 130 
20 -76 112 24 18 108 17 80 -16 -29 39 3 0 -69 57 -22 90 53 122 170 87 35 65 15 -84 82 -22 16 12 -3 88 69 
50 -13 -24 146 16 96 -6 49 19 -8 115 11 19 16 33 7 -70 -12 81 176 207 115 201 20 66 19 130 -45 194 42 131 -20 
46 -26 101 136 122 138 -82 -1 -78 -70 -25 -14 -5 4 54 103 50 31 116 186 183 291 140 72 54 15 83 -1 106 29 80 -3 
-18 43 111 86 122 4 9 33 6 128 80 35 127 124 113 21 23 -62 -88 162 -55 -21 49 52 82 59 57 -13 26 38 57 -41 
7 76 20 131 77 72 123 207 105 -38 49 -5 124 94 12 13 42 -50 203 171 158 100 190 106 143 95 -52 78 -63 45 -75 95 
20 -97 223 27 159 -49 53 0 48 90 33 -3 67 20 109 15 80 -49 29 17 107 240 182 45 146 79 80 54 119 10 52 -79 
-47 119 15 197 162 33 74 25 80 17 63 43 13 -30 129 110 -79 13 54 102 82 105 124 125 92 20 118 49 2 29 179 28 
8 -45 273 159 178 125 113 143 -67 144 -68 59 21 87 120 59 -76 -108 111 16 83 110 97 -129 34 -10 51 -18 17 -40 78 40 
39 5 -4 262 116 108 57 -61 75 -98 25 -48 63 -127 91 -14 20 -84 129 58 110 43 180 100 53 -93 48 -113 62 -54 130 -30 
90 55 192 158 105 -29 16 66 78 55 22 98 16 55 -18 -18 70 -12 36 90 155 179 174 107 74 155 37 -11 117 80 117 -22 
21 34 73 188 69 155 23 119 -39 10 39 15 87 -23 136 7 68 121 81 125 33 62 37 100 -22 79 74 22 161 46 95 -9 
81 -61 129 128 47 -22 20 -35 37 12 -37 -47 2 139 10 -60 56 -56 55 -32 144 178 83 104 73 0 80 -32 79 73 147 0 
-5 -54 170 51 267 -3 67 35 59 -60 95 19 -12 -77 -26 47 16 2 161 131 118 98 -39 43 105 72 2 86 2 61 46 53 
-27 -92 213 52 297 -10 38 -21 59 -26 98 -31 -17 80 131 130 12 15 4 275 96 -11 39 18 96 -33 47 18 -44 56 -47 53 
46 -46 197 96 193 101 21 101 90 119 27 27 46 80 159 79 2 52 81 205 114 141 53 215 34 117 71 -14 69 -62 -42 65 
11 22 215 153 117 119 -114 118 -35 61 -58 47 37 -9 29 -1 -31 46 76 56 181 -19 121 -56 141 18 49 62 -2 13 6 -41 
14 72 129 156 147 1 -59 -6 78 -22 47 2 71 -53 69 20 65 -20 119 107 172 243 162 63 3 52 59 110 59 -29 108 15 
91 -45 157 164 153 124 -13 -54 25 53 -16 164 29 22 78 -26 69 -33 158 167 174 83 189 107 -51 65 77 24 49 23 106 5 
4 -28 150 113 103 115 93 172 -27 34 10 57 -54 162 -12 101 7 -58 -79 16 121 147 50 114 34 75 44 -41 -49 47 46 143 
-50 -56 166 148 13 80 115 60 -9 15 -24 8 61 91 45 39 45 45 211 101 218 117 73 112 88 46 28 139 54 8 154 1 
52 -57 77 90 48 61 111 201 -98 108 -56 91 55 57 46 33 -131 25 -35 150 180 114 124 40 170 31 11 15 100 76 37 68 
52 37 126 148 -78 88 55 107 18 26 90 -69 112 24 72 30 48 41 -17 205 56 95 -2 -55 25 33 121 55 28 120 -4 37 
44 10 49 -24 29 46 38 146 72 60 23 -19 78 -6 14 1 121 -42 93 -5 103 98 64 58 20 -78 65 33 16 6 23 73 
85 -80 51 57 225 35 76 9 72 -53 38 58 49 115 74 69 135 6 -23 46 82 -106 32 -10 17 -86 79 -4 -21 90 -45 49 
0 -48 -53 110 -24 184 51 90 29 24 0 -3 27 17 -8 -53 159 167 -56 -19 -63 -43 -72 -49 14 -26 0 -20 -8 40 65 53 

-71 145 27 65 9 -53 142 -134 91 86 5 175 103 191 101 52 -48 -175 10 -23 114 74 14 -85 -39 -38 29 -95 -89 -56 -107 -61 
-94 -170 -164 40 48 -9 -76 -102 -14 21 -55 67 -19 2 53 56 112 -256 24 35 -48 -14 -15 -94 -89 62 102 -45 -60 108 -17 -54 
-56 -188 204 94 28 25 31 -4 -20 129 0 -96 -26 -24 68 13 53 -93 19 -116 73 12 -34 78 63 -61 -39 -53 -67 -48 -10 42 
-34 -191 -34 100 50 -116 52 -26 -83 4 125 -41 21 62 76 -48 -2 -49 45 53 -129 139 27 82 -63 106 35 -10 71 98 -59 -14 
82 -197 -21 20 -1 113 -25 -11 73 52 96 43 -104 -30 -24 -76 214 -167 29 -82 104 51 182 80 185 125 -76 -37 -13 -63 -130 -89 
26 -54 -63 10 87 105 -94 -45 70 70 -25 -56 -18 -17 4 -34 191 -207 -65 82 24 -29 102 76 -57 61 109 -84 -29 7 -61 -36 
63 -193 -28 16 4 24 125 20 -6 -107 70 11 -61 -21 14 48 192 -143 21 91 218 -45 -2 -141 91 43 94 32 -70 -93 139 31 
45 -65 -4 -75 138 -20 -106 -48 -43 82 79 -14 -140 23 53 81 266 -131 -14 -17 -187 -50 -99 -73 -10 -54 -1 -76 20 90 41 4 
7 -196 64 8 -15 -103 107 -173 22 119 -75 24 89 -60 -18 101 97 -274 107 224 92 124 -63 -58 65 78 -51 36 -6 81 -53 -6 
83 -166 -113 -13 84 -179 -171 -30 -133 -77 62 -59 32 29 35 13 141 -189 -98 59 122 -52 70 45 134 -11 -59 24 16 62 -36 -108 
131 -158 -39 86 -8 21 -101 -10 85 37 -14 -2 23 62 -31 101 168 -273 181 136 -181 18 -16 54 30 -20 -39 98 21 -11 -67 -34 
117 -110 -143 -42 -20 -19 136 155 -88 10 -28 134 95 -94 15 9 132 -157 150 -85 10 108 -23 131 97 -25 17 -39 15 -44 57 -51 
-23 -132 38 188 -87 22 112 17 162 18 -12 46 -3 -107 17 18 155 -114 -230 11 198 165 -4 42 172 85 12 60 32 -80 -145 -91 
102 -191 92 165 -52 -41 -52 14 34 -1 115 -80 -90 78 129 38 207 -135 168 33 71 -21 73 -33 83 130 57 -60 -47 -34 35 34 
-11 -158 33 132 -16 88 97 48 -6 -72 53 39 36 70 51 -59 -106 -152 28 -64 107 71 -92 -37 14 38 -68 30 -14 -21 8 26 
23 -155 -67 82 66 63 95 199 -32 29 -21 21 -127 25 -37 -69 281 -132 30 -125 -27 161 -38 1 -113 13 -79 -58 12 116 -10 -20 
71 -132 5 157 -33 -39 56 -43 -7 41 48 -17 84 82 13 -56 75 -73 -38 1 148 -7 -49 104 127 111 -95 -13 124 -3 -115 12 
134 -172 18 -154 15 21 75 138 14 -13 59 -106 -38 95 -54 11 272 -174 85 114 76 15 23 -84 51 48 -51 -19 45 62 -14 -85 
20 -115 -6 7 -67 -10 -177 -14 60 -61 -100 23 96 -34 -85 59 243 -144 -215 -15 121 -65 50 162 51 -79 -25 -11 -26 29 -38 6 
-70 -50 176 117 62 -66 109 -24 -10 98 2 -15 -71 -23 48 9 -27 -81 124 27 143 47 132 -36 12 120 32 -2 69 11 22 -79 
-38 -56 39 -28 -38 18 126 132 -53 18 -50 -115 95 48 110 24 118 -200 118 184 -73 -64 -108 19 43 6 0 -138 34 -109 -5 -40 
37 59 -11 22 91 19 11 213 24 61 -17 -95 32 81 41 13 195 -46 -104 25 54 13 102 175 -47 96 61 23 -133 -22 77 -71 
77 -141 37 143 -12 -66 115 68 77 -13 36 30 -24 -86 -86 65 192 -115 -6 -5 -75 145 92 63 112 102 25 35 9 -17 -68 -20 
64 -105 144 110 28 -192 -42 -10 -82 -2 40 -2 -8 90 -57 -13 180 -38 -60 -12 149 191 54 -59 178 64 69 -50 -61 6 -16 -14 
-49 -167 -16 -17 4 56 42 26 54 50 106 -20 -12 100 -23 -38 182 -224 51 137 102 -5 -15 -21 -28 -17 -16 -30 -34 -44 2 52 
-15 -147 175 98 120 44 54 -56 -112 77 38 -105 62 -21 93 50 33 -222 29 44 42 44 100 129 156 69 -120 -101 -46 65 216 -8 
4 -53 -27 4 23 64 188 -50 -46 -156 -70 14 131 -3 -79 -23 290 -226 65 176 200 26 -122 5 17 0 111 13 35 133 -29 -43 
0 -103 -2 66 -25 5 37 2 -25 -98 51 -13 36 34 -30 -109 44 -114 -20 77 58 -170 42 93 235 1 13 -12 -15 -61 26 -55 
61 -32 156 -177 -23 75 -2 156 13 132 -40 -46 -16 59 -27 -75 57 -213 33 20 107 87 -41 7 72 133 35 -54 -12 -86 54 -35 
106 -159 -291 41 12 -34 -18 15 186 58 -44 -48 -33 -18 45 -80 40 -168 -21 -2 248 -5 51 49 -40 34 78 28 -18 -71 43 -9 
36 -166 48 60 50 -89 -42 -47 -13 -35 98 50 90 11 -27 106 35 -191 -43 -44 107 57 -2 101 -75 -6 16 13 1 -68 41 -6 
0 -142 -37 -67 -26 77 55 62 44 33 0 -4 -4 -12 -36 -41 3 138 -20 70 50 15 -29 -73 -3 8 0 40 56 56 20 4 

59 156 120 -62 -46 111 92 117 80 83 62 103 13 -30 39 120 -24 121 34 256 34 178 9 102 84 31 11 11 78 92 48 12 
13 96 101 60 107 113 64 104 158 154 124 17 -28 -19 45 54 11 155 31 97 63 168 155 -38 -6 77 68 25 -13 57 183 50 
172 112 16 35 189 3 45 121 0 45 5 34 66 -13 36 68 76 154 254 208 266 77 -22 -66 -40 36 65 42 8 -2 47 47 
52 114 43 0 -10 36 105 163 18 86 96 50 -20 38 6 -54 232 141 81 131 223 139 155 18 89 85 31 -42 -93 -107 -144 -31 
38 128 81 103 52 182 -58 14 52 70 16 34 103 188 95 115 -117 122 206 256 283 80 123 140 -14 40 -19 7 172 201 57 47 
27 20 -32 199 69 194 121 106 156 82 64 30 29 153 132 -11 130 170 175 141 63 181 63 86 46 47 -5 -104 -78 2 105 46 
30 145 6 147 24 121 86 130 25 53 32 18 9 80 132 121 66 54 154 245 131 196 89 145 139 145 -6 -6 32 -30 5 41 
16 9 113 114 33 67 68 75 42 46 65 20 -6 20 45 11 121 184 208 86 131 249 205 49 -26 89 14 -45 51 -32 -10 35 
18 104 69 11 47 183 92 6 69 11 -14 0 -75 -46 51 32 121 102 121 245 115 143 114 163 152 85 121 12 95 60 48 -15 
28 50 44 172 222 130 82 33 6 -25 -6 44 123 64 45 113 110 145 84 136 129 231 12 -29 -43 -32 71 -5 23 110 181 115 
-24 103 104 41 75 125 152 137 133 89 54 -43 96 89 65 38 117 59 99 95 84 189 143 0 -2 -10 -5 11 7 107 107 -12 
46 156 102 75 198 115 211 127 -6 7 76 95 72 117 130 46 -31 104 176 198 227 140 81 212 154 67 -57 67 23 99 -4 74 
7 78 30 53 36 152 -53 25 -61 105 62 92 115 112 135 35 116 73 122 284 135 221 88 126 166 158 82 134 166 142 159 69 
-42 156 61 89 -21 43 112 113 93 10 -5 -25 73 47 0 32 162 132 152 132 73 57 182 149 106 27 44 91 66 110 173 27 
-18 105 113 4 -41 99 213 248 78 137 56 -54 2 124 147 6 145 112 278 -23 8 -71 -3 -22 12 80 2 65 46 24 -10 47 
91 229 -143 167 75 71 -15 -129 -3 34 54 81 75 110 135 118 -8 98 59 89 -57 33 177 272 184 54 45 119 132 8 -29 -50 
120 246 151 23 -46 16 154 212 176 29 -58 18 3 3 -47 2 190 237 76 119 155 137 62 114 88 153 -11 -27 144 86 79 37 
47 106 60 109 35 73 3 -133 -74 2 118 84 147 99 129 110 149 194 219 39 99 173 74 127 31 122 129 59 116 26 64 49 
68 85 53 141 142 204 126 104 93 57 -14 -74 24 121 95 -17 62 148 122 81 161 125 77 59 -47 34 177 68 90 135 108 25 
-28 145 131 152 300 66 128 140 84 7 94 61 -71 -67 40 70 95 102 53 88 18 222 33 109 110 142 -42 69 50 98 123 56 
-23 74 233 105 299 42 -12 -144 -81 30 42 33 60 62 46 -29 91 47 28 144 94 164 96 211 77 -41 -25 93 154 189 96 107 
56 81 62 235 296 208 125 107 172 177 -26 -29 100 109 108 57 132 104 -42 230 170 -26 134 242 112 118 26 -57 -8 15 28 88 
85 197 210 269 182 196 132 123 96 133 78 62 65 100 190 136 196 112 -10 -18 86 95 30 -47 -21 80 76 73 -19 -46 33 -15 
10 121 134 21 126 -47 137 10 152 13 -41 -17 73 -23 0 74 39 101 253 150 182 211 -47 68 41 98 113 122 127 41 51 51 
102 173 73 228 142 124 84 -4 36 53 -77 -1 5 -72 54 54 92 96 33 182 109 192 204 127 -4 18 98 59 35 72 117 44 
-7 170 146 -60 -111 165 133 26 81 101 -6 120 139 135 -1 -27 62 63 -30 44 155 107 16 49 -29 25 43 96 37 77 -11 -68 
-12 114 131 102 -50 144 61 -10 28 89 72 69 115 170 99 90 60 60 222 149 187 185 181 133 32 -4 74 60 25 47 100 87 
71 155 -57 89 19 38 149 283 16 111 54 53 100 87 103 95 -4 109 -33 57 238 162 152 65 -70 -67 53 165 265 257 77 86 
65 168 84 5 -33 27 184 169 19 25 21 65 200 189 24 55 17 102 133 210 228 79 115 56 -6 64 117 31 32 205 184 28 
81 120 151 225 117 78 247 198 144 3 40 31 115 87 132 86 -50 110 125 49 74 83 174 87 28 -22 90 115 26 116 92 54 
90 66 -13 210 187 73 119 116 -23 -93 63 -22 -7 61 98 83 119 164 83 130 94 25 174 27 -1 -37 65 86 2 135 24 2 
0 83 121 -15 37 108 52 90 36 27 0 8 43 55 43 -7 112 39 37 -9 -118 10 -43 14 -4 -40 0 0 -32 24 18 50 

-70 -106 144 -75 -65 90 -20 -52 72 82 41 -72 2 45 -89 -1 24 12 -81 44 7 217 37 -3 -99 -57 33 -20 -93 -52 -8 -4 
70 68 -10 10 -24 41 140 40 10 17 -34 33 -4 -48 2 94 87 -48 97 195 -9 -5 -70 8 -12 15 59 -15 -105 -51 -14 48 
-88 -38 -48 -98 -149 -64 66 -38 -95 64 71 45 -28 -68 48 -3 -81 63 87 -38 94 12 59 2 -1 -84 -24 -81 -91 -86 -111 -58 
53 -64 -88 68 98 -50 -44 123 14 22 126 -4 62 30 96 7 62 110 103 183 56 146 172 201 136 188 106 74 132 112 40 -22 
99 55 -32 44 -82 128 -8 99 41 119 126 161 2 106 68 36 -17 7 172 108 267 1 141 121 320 277 63 88 -11 20 -28 -21 
70 145 -47 -100 88 165 -25 -61 82 76 16 -15 7 2 54 85 207 -35 129 191 72 96 155 133 -46 70 154 -10 -36 -68 -35 18 
24 -35 -3 63 36 42 2 70 -64 -85 82 -35 -76 -52 -49 32 114 96 -62 186 176 262 308 83 113 81 158 14 -106 -171 49 -60 
42 123 -21 74 233 155 49 43 48 91 46 -2 -104 10 45 110 25 103 207 119 17 153 65 -19 17 -49 53 24 29 97 -1 -64 
43 67 182 216 152 38 124 -73 -88 77 56 83 128 23 -46 32 173 -69 22 242 237 224 -5 93 87 105 -16 4 -31 50 -14 31 
109 81 44 84 379 21 13 -43 -106 -109 18 11 114 102 42 3 -51 27 118 51 35 98 20 102 82 1 -13 15 -22 -11 -99 -78 
166 78 -95 17 69 281 96 93 178 144 103 34 -39 -33 -46 83 187 -7 166 28 -67 128 -24 115 95 31 -9 112 48 27 -33 46 
107 126 112 90 94 4 44 104 78 70 -109 104 143 50 90 117 90 91 174 236 262 188 71 205 175 137 93 26 102 63 58 -63 
-11 66 -90 69 -43 218 38 264 177 34 -20 194 141 85 -36 -31 106 39 -9 48 71 138 52 214 155 165 58 142 132 104 6 34 
123 10 83 207 -10 7 -44 -110 -13 34 189 106 42 120 80 0 14 51 188 124 63 89 107 47 74 161 155 185 151 81 -40 20 
12 15 86 29 -2 115 198 148 188 13 48 2 -2 8 75 44 75 -32 10 174 395 194 -24 68 -51 23 -3 156 76 89 -66 -82 
-8 32 -69 -31 -38 92 8 -13 -129 1 -77 -45 -158 54 -94 -75 -71 -13 -62 112 -34 178 -61 25 -57 51 -143 -30 68 259 124 90 
61 98 139 223 123 130 44 25 112 147 98 -15 103 137 157 47 -47 72 227 53 156 67 -71 126 162 167 11 27 33 49 -72 -14 
133 54 7 24 91 56 161 5 31 -22 2 -66 10 148 -21 67 238 47 105 142 107 283 40 50 34 20 -31 78 78 117 38 -21 
26 102 278 94 60 143 -35 16 52 -46 -84 -76 -83 -158 -123 24 -18 39 -136 119 244 -2 11 168 78 -31 -62 104 73 73 -76 -22 
-60 90 175 338 170 8 141 88 48 104 -11 -38 -30 -14 93 96 200 104 26 31 53 178 125 199 39 158 45 10 76 87 50 3 
-51 74 147 16 30 18 102 84 -20 39 3 -39 89 41 94 17 201 25 216 129 107 210 64 72 91 174 93 -11 60 -31 3 -63 
16 234 87 -7 92 -70 -31 163 188 209 79 -92 -89 6 -5 -28 130 186 189 179 191 45 156 292 254 268 87 82 -101 -78 -24 -117 
28 17 159 163 144 24 253 112 116 11 -14 -53 -58 -97 -128 56 261 181 73 43 -114 245 164 232 116 138 -3 -4 21 14 -3 31 
72 104 193 213 293 187 277 -68 -74 15 111 20 8 88 -49 -27 -127 178 102 127 135 126 26 -117 18 51 128 127 91 131 -15 -29 
-72 7 150 88 -19 45 30 63 98 153 187 -2 -23 32 -45 -10 -8 -30 -127 51 6 164 151 95 150 25 33 133 102 -4 -119 -41 
3 29 -32 86 177 328 194 -54 23 30 52 17 133 79 160 129 232 40 149 115 129 -58 11 108 139 138 -108 -87 -53 36 155 57 
-27 67 107 112 -9 188 210 61 -66 -183 -85 -13 116 97 -3 26 266 11 117 111 198 163 138 150 144 31 54 -13 73 207 62 26 
-18 67 59 55 98 135 74 70 161 8 53 53 92 123 53 6 103 78 12 88 160 -29 17 188 176 58 -17 -17 13 86 97 -17 
49 149 184 -42 19 17 18 165 164 238 -33 17 -30 98 21 -29 99 7 145 34 313 142 76 80 47 97 67 48 1 -88 66 72 
93 80 48 142 183 80 141 61 218 150 11 -101 -105 -29 123 21 2 4 -99 125 239 167 120 -111 -74 11 33 60 96 56 54 14 
29 53 -147 18 34 144 78 11 -58 -5 34 -10 70 -54 -100 20 230 49 100 89 38 81 52 20 -11 13 -16 76 87 39 63 30 
0 37 111 -38 98 83 -24 70 75 75 0 9 -11 -5 -6 14 95 -74 26 71 93 126 78 43 -23 2 0 35 -1 -33 -71 -35 

31 29 -93 48 166 55 31 102 8 107 86 113 16 -70 25 248 106 76 76 66 -26 16 59 94 76 14 61 143 79 167 274 127 
-14 167 172 -13 7 154 197 167 14 59 154 49 117 42 51 57 81 151 52 78 114 133 183 84 -4 -55 13 138 139 98 152 143 
45 -1 -72 8 181 108 1 12 49 128 110 124 -12 -86 -35 67 122 120 198 231 192 171 80 -20 57 172 198 105 81 -10 -58 -60 
-13 -24 1 -22 140 172 185 126 209 123 146 264 246 152 160 119 96 97 252 269 332 259 135 199 134 150 159 147 20 -6 0 18 
149 216 157 77 94 184 104 116 3 82 94 154 225 173 112 159 91 29 42 110 149 228 179 108 143 169 217 131 156 192 179 59 
21 43 62 136 113 189 146 112 92 153 255 157 94 134 162 117 125 162 119 55 114 149 39 75 132 81 75 99 -4 -91 10 52 
33 54 73 13 102 61 125 102 170 154 76 170 189 138 131 124 124 143 147 63 155 267 163 154 14 92 148 228 255 114 -6 71 
-51 -48 172 80 82 90 173 125 -13 -102 1 112 120 -47 -50 111 248 222 215 305 201 102 144 134 53 160 100 48 -17 -33 83 71 
95 103 67 123 234 191 137 134 132 90 180 137 28 94 37 -11 21 97 -38 -53 72 212 91 73 76 99 199 167 197 158 188 47 
67 122 -24 -11 20 193 81 -22 25 -20 -70 -76 23 49 186 157 298 221 85 54 75 164 151 -83 21 87 132 45 98 151 229 130 
65 186 305 183 158 157 194 171 157 243 267 185 249 215 214 140 107 89 0 115 303 202 103 121 140 187 89 1 64 169 160 129 
83 158 167 80 -2 -52 32 136 183 98 47 82 186 346 299 200 138 176 141 59 42 36 101 188 195 193 95 33 21 77 81 68 
62 70 -7 163 142 63 17 59 -2 91 46 -9 120 89 51 7 87 43 44 7 35 304 220 34 10 181 269 288 350 380 329 180 
54 141 111 128 132 148 35 132 66 143 149 85 52 -70 14 103 214 72 173 165 154 42 59 68 97 124 231 212 207 141 119 97 
65 116 -71 3 43 142 169 178 210 111 95 95 150 232 288 232 139 28 25 -74 86 153 198 62 -15 127 119 75 53 110 -27 12 
174 255 124 150 88 125 -24 -100 14 22 37 133 105 100 73 86 -121 -16 -96 -42 -129 -86 47 169 84 46 -28 25 -63 -3 119 120 
225 373 391 285 242 148 172 254 148 49 70 67 16 97 149 159 120 220 192 249 137 189 123 -57 132 284 243 125 155 274 193 -37 
91 185 203 48 44 14 39 29 38 62 79 116 116 13 192 98 179 210 283 121 184 306 392 244 148 180 186 171 155 155 199 120 
80 123 33 126 106 104 48 10 1 110 14 -109 12 112 92 -13 83 195 150 0 42 142 83 30 177 228 153 94 152 102 146 102 
-16 15 64 210 254 195 156 28 56 -11 154 173 75 -39 -44 91 92 129 87 143 101 87 108 179 87 20 75 122 72 200 257 191 
-83 -99 62 241 272 192 206 139 224 238 146 143 40 111 177 109 194 62 52 111 281 168 73 182 131 208 156 152 145 150 149 66 
-21 29 102 235 181 309 118 140 276 252 147 115 89 85 136 92 76 76 7 98 79 176 141 102 216 151 78 130 64 -28 1 80 
96 184 226 288 248 108 -64 28 35 59 100 173 219 227 190 87 26 238 329 166 105 58 78 84 -42 37 158 224 164 118 92 90 
42 87 91 -27 58 151 106 151 207 82 70 75 65 50 141 92 117 168 234 186 178 188 79 77 -76 115 312 335 306 196 136 77 
101 114 -40 130 75 185 113 35 -50 19 82 112 123 74 93 107 219 118 -7 64 189 222 187 132 169 142 184 107 65 34 39 13 
78 156 192 47 -13 1 134 234 142 73 104 122 128 153 217 192 213 103 -26 0 142 168 164 -25 21 169 185 60 -90 -56 23 117 
-52 -32 15 28 -43 35 120 252 282 158 69 -31 95 203 231 48 25 128 107 20 196 301 227 205 62 55 80 134 169 177 234 220 
97 165 34 189 111 72 137 294 258 181 98 86 176 174 239 156 46 71 49 146 249 262 160 -103 -16 94 151 118 275 245 198 111 
62 173 339 164 30 -36 76 57 3 90 96 117 101 183 198 132 39 76 48 34 116 258 170 77 -21 78 246 287 209 152 169 142 
153 224 130 106 28 152 96 92 60 127 196 143 150 78 165 205 201 35 93 -127 -69 19 132 91 21 -43 63 233 209 199 153 110 
80 104 201 231 261 274 247 201 57 -3 0 74 170 223 232 85 51 249 167 168 105 118 116 85 58 47 -8 52 115 69 20 29 
0 -4 12 -82 10 6 -7 -27 -12 0 0 -2 28 30 48 13 -20 59 29 -51 -99 -36 -28 -48 16 -17 0 20 28 76 55 47 

-12 63 74 -129 56 195 119 10 93 159 46 51 51 150 -35 -7 70 -100 26 66 286 210 111 12 -19 34 38 -32 -50 -17 39 46 
-7 -20 1 -28 59 76 25 24 -34 -103 41 125 40 28 17 39 98 33 132 153 -29 15 32 -8 127 100 35 38 167 114 49 21 
22 7 121 136 167 84 64 134 75 41 -93 94 103 63 104 70 34 -19 119 113 163 78 55 -27 -30 -98 18 -61 -43 -77 -41 2 
-10 -84 71 18 -21 -69 30 -34 -6 25 38 126 155 110 -4 -67 92 86 187 43 32 98 -112 38 82 131 148 150 125 54 -26 90 
24 65 160 127 199 227 39 191 173 182 101 -8 21 -8 -80 54 139 -1 -42 46 153 93 192 138 175 49 -62 -84 -25 -25 0 36 
110 -2 12 118 209 146 -74 17 161 136 125 -13 -81 -46 -5 -6 240 55 104 -32 -1 65 35 33 139 115 38 -9 -32 -109 -36 30 
25 -78 53 216 64 49 10 -36 -49 -13 -46 3 -15 11 75 128 120 -29 -28 251 236 121 79 129 164 231 54 88 125 104 69 34 
77 -74 126 105 270 87 131 271 185 -12 -51 -66 64 22 41 186 70 -40 112 135 40 -4 -45 -71 -159 -21 -16 16 84 -16 70 51 
-73 -92 -15 -17 -34 -49 -105 -130 122 -28 -12 91 -10 8 121 111 16 -56 225 118 171 199 -4 61 202 27 120 87 201 127 180 75 
32 -58 6 16 156 111 33 -77 19 -64 9 -130 4 -71 22 16 90 59 79 126 26 60 138 -38 55 -32 88 86 157 147 87 -18 
-4 -39 116 89 63 24 -53 141 94 21 83 61 209 149 118 158 25 -72 78 105 128 238 -86 -2 89 133 190 74 -41 24 57 97 
24 -70 -145 244 126 -38 80 78 34 127 98 36 -74 69 126 14 132 44 106 2 216 31 100 184 181 126 0 -8 -31 114 70 29 
-18 -105 -53 9 171 172 185 233 276 266 80 6 65 -9 151 189 259 -71 57 -67 -24 254 61 78 182 252 167 146 110 35 107 51 
38 103 314 394 49 47 -52 -88 -10 132 173 -31 58 -38 -4 42 196 16 202 326 102 -23 13 45 186 97 1 -81 -55 -97 -22 21 
38 72 133 -57 36 200 211 153 125 110 48 13 -34 46 50 25 76 -71 -93 -30 277 134 39 -92 -102 -38 3 38 -13 -5 -98 28 
12 -28 -47 274 193 233 238 123 137 -4 -7 18 -17 27 27 81 100 -17 39 -222 -139 -99 -126 133 97 73 -46 6 -7 -80 41 40 
53 73 163 274 91 38 32 171 198 185 112 125 92 141 38 -48 128 124 263 119 149 79 95 51 167 206 -11 -23 12 -29 -5 -11 
73 -23 9 -32 114 119 184 222 107 15 75 29 175 5 144 67 128 63 148 227 -98 65 26 66 23 120 19 126 206 99 57 -35 
58 -9 21 -206 49 32 -135 -106 -41 58 1 -22 -14 6 25 103 93 -16 15 -18 34 21 88 123 120 85 93 2 77 5 89 174 
-27 37 -31 172 103 47 230 21 108 17 58 27 0 -33 -23 59 48 147 266 157 285 75 44 170 247 253 105 164 -1 84 111 24 
-7 -83 -79 5 74 31 180 43 46 18 -19 72 112 51 118 114 196 -106 135 174 284 80 -15 -1 2 21 -54 -3 88 36 45 14 
128 11 -54 91 35 16 -20 226 332 193 -4 74 166 98 125 193 254 -67 -72 155 -2 70 40 112 168 244 58 -8 -48 3 11 -7 
67 -15 187 324 178 77 45 151 158 172 13 21 -42 7 107 58 34 28 120 -61 99 107 102 180 195 218 133 151 -4 -68 -6 58 
102 114 167 205 102 18 116 -37 152 56 102 57 72 -54 -9 65 101 103 -4 250 320 173 12 109 13 46 72 76 176 75 43 -1 
31 47 239 154 37 197 223 195 85 26 6 43 83 63 -65 10 100 39 77 101 109 19 -47 -118 -63 -85 95 80 74 81 173 135 
-53 2 339 185 243 48 5 58 84 129 7 9 44 68 85 30 72 -72 135 -22 10 137 262 259 163 105 95 75 -23 88 32 -49 
15 -85 15 111 -26 72 91 18 142 -27 113 120 177 101 111 127 168 1 204 100 202 23 -16 166 116 227 199 159 253 215 194 199 
46 3 64 91 83 12 80 203 153 57 -1 -9 60 6 -19 45 -51 8 -126 19 -11 -90 210 49 201 187 184 30 113 68 41 50 
119 134 229 119 12 10 178 243 147 137 65 58 102 121 35 111 -40 -57 120 76 172 248 52 43 30 85 112 159 92 106 142 83 
83 -62 -96 43 -43 106 142 158 181 122 15 -16 54 -18 79 84 150 -116 -1 44 158 -107 154 172 91 -2 37 86 2 37 92 41 
50 -78 142 227 68 -51 89 69 32 65 120 45 57 67 107 15 97 38 108 137 101 81 172 111 16 -34 -10 1 28 25 -19 45 
0 -63 -36 -40 73 136 -24 84 98 87 0 -5 10 8 9 19 -24 0 9 -8 42 -73 -23 17 49 44 0 -15 5 29 45 25 

-2 -30 85 -64 3 92 227 -34 26 164 128 227 26 83 102 113 16 80 87 50 90 86 56 -10 0 -64 52 100 -62 52 86 -2 
19 132 54 -29 0 -55 -9 -41 -164 -4 -119 37 158 13 53 39 194 43 -3 220 -45 -63 20 0 13 -33 72 46 1 70 110 -10 
-19 -98 80 123 57 7 41 -1 -36 96 140 111 -42 -108 -76 22 62 43 113 -40 6 140 105 -12 60 -16 17 20 -50 -54 -76 -50 
-80 -23 -2 91 256 81 15 -2 50 35 104 163 66 158 119 122 114 31 124 189 82 70 124 228 137 104 175 96 69 112 28 -27 
150 102 31 98 108 141 125 109 133 108 109 119 54 -39 73 -14 68 38 -66 65 214 234 243 233 245 336 135 19 69 29 8 -69 
4 78 56 70 166 223 29 19 29 132 88 26 5 -4 51 81 302 49 31 86 147 146 10 169 77 23 134 111 -8 -17 -48 -63 
-3 28 -52 67 -64 104 85 -10 52 -8 25 119 25 -7 -8 57 71 108 36 185 290 230 123 165 61 163 108 188 14 -50 -26 100 
-17 47 98 -14 179 112 -12 105 45 44 57 56 -49 -93 9 82 342 145 130 277 70 7 45 -22 20 23 25 25 -41 45 91 28 
109 52 -18 159 95 -37 45 -36 -68 65 164 57 109 46 -62 14 85 -3 -21 72 293 273 123 -53 75 127 78 20 164 104 126 -7 
95 91 -97 -118 89 104 -90 -22 -66 -153 -21 -48 -17 58 128 105 107 86 179 175 92 208 75 -12 72 75 37 4 123 81 89 -44 
107 153 88 46 140 147 56 50 107 209 140 118 148 163 129 110 253 -21 47 234 27 57 -56 67 120 31 19 22 88 52 27 -1 
80 171 -98 132 41 -39 15 179 159 22 -23 44 261 159 103 166 157 36 94 190 188 96 154 171 248 191 46 40 -41 -16 -22 40 
38 18 149 76 228 64 166 187 235 134 -17 -7 89 15 27 -30 137 51 6 -190 7 302 151 123 198 223 114 116 189 108 58 -41 
57 103 7 302 150 96 -7 23 49 34 147 85 -45 -14 166 94 130 45 276 270 60 6 -6 -1 49 167 229 112 117 103 145 39 
33 3 121 42 108 269 199 238 127 149 -33 137 120 150 176 126 173 -55 -106 18 247 225 138 -75 45 -5 65 7 23 -1 42 -29 
79 74 21 134 10 144 128 90 88 -66 0 -21 -2 -83 19 -105 98 -53 31 -130 -80 -29 -27 -1 -23 -7 -28 -173 -29 49 181 48 
147 150 200 317 235 51 -21 141 54 136 84 60 24 99 100 68 65 35 264 82 207 162 87 -10 136 222 113 60 190 216 117 -63 
90 129 -57 35 16 153 178 200 70 -7 14 -35 18 57 129 -18 211 138 121 230 87 221 92 75 30 119 46 26 158 158 183 7 
65 52 132 -12 -54 -10 -115 -40 57 26 -75 -49 71 109 -30 -6 121 41 -59 23 298 112 -19 143 230 75 -2 -11 113 103 115 -27 
-27 -10 130 214 115 39 104 34 18 75 91 40 5 -62 -20 62 -45 74 273 142 329 141 63 182 128 109 52 50 54 103 89 68 
-72 -25 9 85 51 114 177 180 153 14 114 -57 -16 84 141 173 66 95 68 297 173 55 38 80 190 165 154 -21 -36 -2 -20 0 
-23 113 89 -15 107 140 -38 333 280 220 106 14 9 99 132 19 304 175 46 23 2 261 156 360 235 229 104 101 47 -90 -1 8 
31 77 246 296 168 116 35 272 91 119 -32 91 106 25 -45 0 307 178 272 134 80 89 267 212 250 142 52 89 75 77 -13 -4 
32 99 126 169 206 184 87 114 13 -10 94 36 29 49 92 29 21 112 -26 172 258 195 123 -22 25 141 159 159 54 47 93 -4 
34 -40 149 102 64 117 77 104 131 112 133 167 64 144 123 28 121 -8 -38 77 69 103 79 41 48 84 63 20 63 -10 5 -41 
56 26 241 161 333 160 85 164 -50 3 86 1 -20 121 120 248 164 16 35 117 91 145 127 93 168 158 11 -132 -118 -29 141 209 
-66 20 85 103 -27 68 267 145 83 -70 -106 -70 82 119 57 4 152 100 89 68 266 155 -61 124 99 59 23 108 38 98 121 -11 
39 38 199 79 83 84 104 225 183 116 -5 95 119 168 155 51 -50 85 -25 244 190 50 64 -11 228 125 7 -22 82 78 142 35 
36 118 254 78 -84 82 78 215 187 150 75 -69 29 43 153 34 57 69 -10 101 165 294 -24 39 42 102 147 96 108 41 22 80 
103 138 -101 -159 39 47 10 126 125 251 67 5 57 24 93 57 72 13 51 -23 218 97 49 42 -34 -23 69 74 86 3 16 64 
67 29 140 151 249 102 174 -14 39 -26 15 101 167 164 53 72 296 70 101 158 123 -14 34 76 37 -48 40 -11 52 31 -4 47 
0 2 -104 39 117 223 -18 92 89 84 0 -6 29 19 13 -7 101 -14 8 -1 50 -38 -16 -41 61 32 0 20 44 100 85 61 

-35 82 88 -126 2 23 -31 -22 74 4 -27 24 16 61 -71 -84 26 -17 15 -17 162 45 -11 -8 15 59 -47 -22 35 -48 -28 22 
-9 -35 64 98 44 -7 -79 -13 16 -88 -3 -23 -11 72 -4 -1 -101 74 94 16 -10 38 17 -39 7 -3 9 -44 49 32 7 -24 
61 60 107 61 14 23 -29 -15 3 4 -116 -4 32 21 39 -27 26 37 -50 41 60 -34 13 -2 0 -72 9 -20 -3 0 15 28 
15 29 55 9 -34 -61 41 -34 -26 36 -3 -35 9 9 -53 -57 69 30 27 -47 -102 -27 -113 -56 -44 -16 -20 -3 3 -33 -54 52 
-61 39 -32 15 119 100 -36 104 63 32 -3 -64 -15 20 -59 5 56 66 -51 28 87 -46 -24 -30 15 -84 -70 -22 13 2 -23 37 
15 -6 -28 69 34 -67 -60 -29 49 -17 1 -31 -11 -2 -6 -40 74 17 80 -74 22 -13 34 61 129 138 -44 -68 18 -18 35 -4 
19 10 43 57 4 -2 -59 -23 -40 12 -4 -51 -15 18 3 40 -121 -11 -4 119 73 34 -62 -16 35 6 -30 -42 1 29 48 -40 
55 -30 29 -31 89 11 27 5 49 -25 11 -64 19 45 0 24 5 26 -21 -16 21 14 -130 4 -70 31 -34 -14 61 -39 -10 14 
-60 34 -36 -40 -119 32 -84 -109 95 -63 -61 39 -63 -41 44 25 -97 8 151 5 23 60 -72 -6 60 -73 60 -30 67 0 5 17 
-13 -31 78 85 11 -9 44 -5 18 -35 27 -44 64 -70 2 7 -45 34 7 109 -9 -64 14 -84 -26 -95 52 2 29 21 -5 16 
-52 -17 70 -3 -94 12 -89 57 -36 -95 -1 -42 58 13 1 68 5 47 0 -66 26 96 -54 34 20 9 33 17 -67 28 8 8 
-1 -8 -166 121 35 70 -7 -52 -29 53 24 38 -84 -19 18 -38 18 30 27 -13 163 6 -21 72 26 27 -23 6 -10 19 -41 3 
-36 21 2 8 -21 108 71 71 89 59 48 5 -16 -9 80 17 66 -31 76 32 -26 -23 -71 -3 36 24 6 4 -22 -59 35 -14 
-49 65 139 75 -27 12 9 35 66 69 2 -90 70 -6 -23 -21 -95 50 48 90 10 -69 -68 -77 17 -53 -46 -52 -37 -22 37 -30 
-46 67 50 -40 16 -4 43 -15 -64 -1 22 -53 -15 7 -29 -48 -3 41 25 1 77 -8 -61 33 27 19 -41 43 -58 -1 -37 42 
-23 40 6 78 47 2 64 71 109 59 -6 13 -8 45 -46 47 80 50 19 -66 15 61 -116 -28 -105 -35 -12 53 45 -53 -31 -26 
-26 34 -26 37 -35 24 41 -42 -32 -49 -24 24 26 -26 -60 -54 125 71 28 98 44 28 -12 18 -8 -16 -82 22 12 -73 -11 34 
3 -36 6 -37 180 111 -10 96 50 18 55 -41 126 -42 10 21 -64 54 -62 152 -53 -45 -72 32 23 77 -1 30 48 -37 0 -19 
12 3 74 -106 28 -37 -37 9 4 33 17 20 -4 25 24 57 -17 6 -17 15 6 -23 37 -14 -38 35 73 -31 18 15 17 44 
-21 106 32 43 -16 -27 50 -93 12 -70 13 -11 -24 -3 22 -15 -47 59 45 -9 92 77 -15 19 139 107 -49 58 -27 -5 -13 -31 
29 40 1 -47 48 -41 43 -28 -22 -8 -48 23 53 -40 20 -14 -94 -57 121 7 82 -49 -9 -11 -80 -52 -71 6 52 -23 23 -9 
78 -1 -91 36 37 -53 89 55 61 14 -51 4 89 9 0 34 79 -15 -73 75 -67 -37 -1 48 -3 57 -20 -61 -11 54 -6 7 
32 5 116 54 1 2 18 22 29 38 15 -21 -21 -9 51 36 17 0 -24 -94 89 54 -30 52 105 111 -1 20 -56 -27 13 1 
4 58 -32 56 -12 -101 34 -61 93 9 -1 -34 51 -56 -26 85 21 39 -128 80 125 57 -70 -1 11 -10 -25 -32 27 -35 -7 1 
21 71 59 -10 -66 126 15 35 3 -72 -57 -11 14 -14 -21 49 68 33 73 62 66 -132 -56 -95 -97 -68 30 -6 6 22 84 25 
-61 72 132 76 109 14 -58 -83 17 9 -55 21 24 -2 -12 -45 -27 17 159 -93 65 18 3 141 62 -18 -6 67 14 81 -42 -79 
30 27 -46 55 9 70 -60 -76 67 -19 87 36 50 -41 -11 64 -18 -30 78 -5 42 -73 -32 29 -2 102 52 -7 54 -24 -37 16 
7 30 5 39 -31 -37 39 -1 -51 -40 11 -23 21 -44 -30 34 -17 51 -68 33 -13 -131 43 27 75 13 59 -7 64 2 -36 -11 
37 42 7 25 51 20 44 181 66 52 -34 26 63 25 -63 69 -13 13 46 5 73 -4 44 72 64 95 -24 -10 -4 60 45 -56 
-5 -35 -50 43 -67 56 -11 39 41 -29 4 -26 61 -14 33 -46 71 23 48 37 84 -122 40 -1 1 9 7 -17 -41 -3 -6 -30 
29 -33 83 140 -77 -26 -62 67 22 74 48 -45 3 -31 10 26 -47 37 -24 -23 60 67 20 55 -30 -18 24 0 -39 39 -35 -8 
0 30 15 40 71 49 -12 37 46 42 0 0 10 8 8 13 102 1 -7 8 59 -28 -6 28 34 31 0 -10 -10 6 17 17 

-107 149 29 -19 76 -6 -15 -41 5 5 84 62 90 -43 104 148 14 3 43 -91 -22 -34 8 -42 -40 -18 30 -46 -20 -2 12 16 
-19 37 52 139 34 34 25 -58 25 9 57 77 4 42 90 98 89 -37 21 -99 -27 -31 21 0 -65 25 18 12 0 110 14 40 
7 31 75 26 26 99 -33 -51 -6 130 -16 -53 -21 -56 4 2 120 77 -8 13 68 -7 -3 73 90 51 34 -8 2 -25 -51 -19 
-13 -25 -61 33 -2 40 122 -6 22 18 90 8 94 8 72 -16 18 113 76 33 3 180 19 169 -19 113 12 38 10 6 -34 10 
84 31 38 45 1 109 -11 -29 -29 7 58 56 -12 47 5 9 36 -17 141 53 102 107 109 17 163 38 22 44 32 45 51 -13 
12 97 -65 -42 82 55 -66 9 -7 28 34 18 16 3 17 7 173 5 43 45 4 14 97 52 -70 9 68 -20 30 -6 -4 36 
42 -11 -22 -79 45 -69 88 -15 53 -17 78 24 12 6 -12 2 119 61 107 53 116 21 78 -9 12 -39 104 36 -8 -48 34 -24 
6 77 -9 -21 10 -71 -27 -42 -82 0 10 30 -56 -1 -35 41 191 57 -3 6 -17 50 -19 60 27 -3 56 -24 -10 39 -7 -13 
10 31 151 6 143 -35 165 4 82 105 -18 62 28 -33 -53 11 107 -19 64 162 45 29 -95 -34 -20 44 -28 96 12 125 19 23 
48 55 -23 87 124 -67 -52 32 -36 37 10 -52 38 47 57 -5 198 35 -18 4 139 -6 73 5 99 24 -24 42 66 113 53 -31 
100 35 92 90 16 -18 -15 43 74 66 50 54 82 102 58 38 24 7 84 18 -25 10 68 129 64 54 -12 52 18 22 6 54 
72 47 67 60 79 -29 29 21 -30 28 -40 84 98 61 125 13 -3 93 64 -2 -3 92 -53 88 0 -30 66 -50 26 -47 49 -75 
-2 71 6 104 -125 -21 23 -31 13 -78 -6 26 54 6 14 -18 90 51 -13 -13 118 22 33 19 -23 -7 52 84 76 72 12 50 
96 -27 90 148 95 66 -29 122 -2 19 88 -24 -24 46 22 6 166 31 104 -65 18 22 55 24 44 77 48 26 106 58 26 40 
20 45 -51 148 64 26 -40 -3 35 -91 88 22 70 76 76 10 9 41 -77 -22 24 31 15 77 -9 69 -10 44 -14 18 -64 -14 
26 67 58 93 137 22 -4 31 -89 33 -28 52 -60 83 -63 -25 104 35 39 8 39 34 -64 69 -56 58 -84 10 -54 89 -13 63 
50 101 24 85 -14 19 72 96 28 23 44 -30 32 33 45 25 19 113 -35 34 89 -54 -40 -29 76 72 18 34 122 119 9 -13 
84 39 193 64 117 -50 36 15 24 4 20 -24 40 119 17 39 200 3 99 17 102 62 128 -54 63 -23 2 46 80 135 75 1 
0 95 51 14 24 -4 -49 76 -25 -42 -28 -2 96 7 47 5 23 87 -71 50 17 5 23 24 -12 -24 -12 48 64 77 35 33 
-34 75 172 127 51 -2 39 -42 -13 52 -12 40 -26 -21 -9 29 103 75 22 45 21 23 158 -6 -45 -16 44 -14 64 36 62 -10 
-32 59 85 143 70 144 125 131 56 119 -20 4 32 1 29 -41 116 1 4 2 15 30 -54 134 15 77 30 -36 82 -36 62 -48 
-4 147 122 148 79 91 49 135 1 37 36 -22 62 74 30 -24 137 69 -14 96 172 6 24 -31 -29 14 30 62 -56 29 59 -55 
44 49 18 99 4 -11 45 -4 18 -93 58 30 60 40 0 36 180 93 127 63 -100 80 -22 -14 -114 -46 30 50 26 -4 -24 52 
48 33 161 45 -7 -34 0 84 -49 40 32 18 -22 89 -25 -23 -4 123 36 67 114 91 62 42 74 0 104 32 34 63 -37 5 
-46 59 -66 57 139 85 30 33 -6 44 94 -40 90 112 22 -8 70 19 96 -8 50 77 11 110 75 39 22 22 38 19 3 23 
12 53 32 32 -54 -31 63 64 10 60 42 -50 90 -25 141 21 51 39 -8 60 34 8 108 -31 84 47 -32 -28 -36 -6 102 -18 
2 57 -81 -6 95 -22 109 52 54 -29 -6 -8 94 41 31 -53 135 -5 31 131 83 120 24 94 -53 -55 58 -8 32 81 -53 31 
-2 97 -24 50 15 -6 8 82 90 -32 78 -18 118 101 89 -53 113 27 109 50 88 54 89 20 66 -35 26 -2 84 71 115 -51 
28 105 108 -22 80 -50 -57 24 -64 57 -32 30 -2 110 54 -52 76 -17 19 35 100 95 48 100 1 14 44 48 94 -15 131 7 
72 65 -51 46 -6 -76 -26 -15 28 -32 18 18 34 63 105 -1 64 17 26 -75 -45 -31 55 93 -10 17 18 64 16 -18 12 -18 
0 75 128 74 83 119 13 10 -25 -26 22 30 104 48 32 22 60 63 43 -50 35 41 8 125 -5 64 -40 32 56 -51 63 -29 
0 31 -83 -26 52 -13 -10 -60 -55 -39 0 -2 28 26 36 -14 86 58 30 50 -6 -11 -27 -47 31 -2 0 30 38 86 57 49 

10 -29 184 -15 -76 225 -51 98 82 50 160 127 127 182 -26 97 29 114 17 71 98 105 -24 -35 -44 73 -28 -36 25 -46 -8 31 
57 114 118 176 -63 -55 -57 -89 -34 -90 28 21 -15 40 34 12 3 126 122 110 -40 11 0 134 79 -15 -70 -23 -35 -60 -39 36 
-1 212 -26 -17 -26 70 147 57 -42 -86 -77 124 42 -25 -56 -84 5 108 -70 1 -100 -44 4 -58 -101 -115 -40 -40 -8 -15 -34 -26 
15 122 136 -4 24 85 25 -2 10 -32 -50 -71 -28 -112 -38 -26 196 147 -78 -66 73 13 18 130 -10 3 -55 27 -32 -56 17 17 
-30 135 -7 15 -37 -6 -62 80 74 61 -40 -41 -28 16 -23 -6 76 127 101 58 205 41 5 68 61 -39 11 33 -24 46 71 18 
33 122 -133 27 117 23 21 113 -45 -42 -69 -28 -30 -63 -26 60 2 104 140 102 129 166 157 120 30 92 -29 -5 55 -20 48 32 
-43 123 -6 0 -7 -33 -33 -103 -83 -10 5 -114 -60 -67 -97 -51 269 118 40 210 21 185 189 150 45 26 -12 -134 -118 -58 -68 -107 
37 161 -22 30 -76 9 66 131 112 38 -51 -21 -13 4 -44 21 -9 115 75 117 206 249 155 139 -29 -60 47 30 12 -8 -88 -46 
-45 217 -34 44 -25 80 69 -31 -87 -96 -10 40 -59 -42 -49 -30 90 164 146 116 110 172 -11 163 -14 -30 -43 -25 -45 18 -16 18 
-21 151 -9 184 156 43 162 133 41 -27 -22 31 76 11 -53 -43 119 103 289 111 65 49 1 -46 -108 -82 5 23 22 -41 -81 -12 
-23 84 -4 -70 -3 68 51 72 -43 -86 -2 -26 -41 -39 1 -7 74 240 -19 -28 123 215 -5 93 -38 -37 -15 -14 -60 -29 10 44 
-57 119 138 299 139 168 -56 -61 68 59 -92 -36 -32 23 -1 -19 49 201 103 180 210 55 -43 113 -38 122 24 -14 42 -31 -76 -100 
-28 160 20 -33 51 164 -47 178 101 21 7 71 56 100 20 -12 134 92 201 112 21 40 72 165 -34 73 -67 -72 -80 -30 1 46 
-14 92 158 71 -39 143 -16 45 -56 78 -28 15 92 54 -63 -61 103 146 41 55 75 91 50 33 -90 -47 -74 72 124 49 7 1 
-11 120 71 14 61 -13 -27 59 56 10 29 -97 -40 -92 -57 -2 333 125 18 160 103 -20 17 96 -56 -16 0 56 -30 2 -67 -22 
-116 106 4 111 106 62 45 -44 5 60 -76 -63 -35 18 -129 -18 187 136 32 147 42 87 -36 55 -72 21 -61 55 19 70 -18 60 
-127 89 50 -12 110 54 -63 -26 -25 56 -26 -45 1 -71 -41 -42 -18 113 105 200 80 57 -6 41 -46 -118 -25 7 -21 9 48 14 
-47 96 41 105 69 84 94 -26 53 -48 -62 -7 110 53 -38 -15 174 96 92 -26 -43 96 -153 -41 -9 -64 -13 48 47 38 -4 12 
-32 163 104 117 174 165 107 175 -51 46 45 0 -47 -34 102 17 37 119 84 161 124 216 142 64 -34 -4 -36 63 63 59 33 -13 
16 154 22 117 12 28 -50 -58 7 0 -104 -26 -12 -10 -17 19 43 99 -32 107 86 190 0 88 81 124 -45 -65 -13 -56 -79 -32 
39 166 83 20 138 113 -12 -113 -47 -83 -43 55 -58 -102 -81 18 133 130 49 -10 110 173 96 112 -44 79 -39 35 10 -41 -3 -81 
19 125 -13 66 203 45 89 143 41 54 3 -18 -2 -35 -36 -50 108 129 94 103 98 3 31 138 211 95 -36 -26 18 75 -63 -71 
-78 82 249 106 191 -26 73 47 49 49 -38 -128 -32 -32 -40 -31 158 155 55 -43 61 77 22 161 97 141 -89 -97 -90 -46 17 45 
-2 135 213 -50 36 146 158 -16 -42 57 -2 -44 -21 -8 -75 70 102 116 -26 304 95 139 20 -11 -118 -37 -63 -28 5 -27 -95 -1 
-63 197 196 216 108 37 48 49 62 49 -15 -63 91 -25 -25 81 -89 150 -43 -99 46 145 110 132 -55 -97 4 69 96 50 -14 -43 
-40 125 35 104 116 208 25 0 19 -79 -66 15 24 -23 17 -51 150 223 121 92 124 46 23 -7 44 -49 -59 30 33 16 -65 -46 
12 114 164 199 23 175 53 14 -51 -48 44 -2 -26 -53 -8 20 221 118 153 12 54 113 122 170 -6 71 -73 -86 -30 -126 -150 -29 
-57 120 -29 50 90 106 57 167 77 -29 13 -23 82 13 8 66 120 111 20 0 159 112 96 90 -29 44 -86 -79 24 70 30 -83 
-24 96 12 -28 19 -64 77 207 171 77 -73 17 -11 24 -32 34 141 147 104 114 308 32 -29 83 -53 3 -75 -11 -1 -9 50 -54 
-85 103 159 94 0 18 36 68 -13 41 -34 -57 5 43 20 -30 28 144 187 53 62 47 93 -92 -75 24 -82 -62 -60 -42 -88 -62 
-44 177 -97 -39 -80 70 -3 2 2 93 -61 -72 -35 -92 -60 -92 157 154 78 171 45 94 -14 -18 -18 -5 -50 50 1 13 43 -48 
0 172 87 153 188 179 28 93 77 78 0 6 31 31 45 55 31 48 38 -48 20 -35 27 100 90 44 0 -20 -44 -4 16 40 

17 110 95 -67 -43 21 168 46 46 133 11 170 122 171 58 75 10 73 -20 142 106 76 37 69 38 -7 -17 25 -14 -22 -14 -6 
82 70 43 -37 25 -23 42 128 68 42 18 41 26 -2 -24 101 67 119 36 115 7 -14 -39 -78 64 69 40 -19 44 50 73 8 
-48 38 116 124 35 -43 66 65 4 21 38 69 39 11 78 62 37 102 125 12 96 51 81 3 -18 -39 25 2 -8 12 42 48 
26 92 22 36 62 -14 -36 -50 -40 26 14 13 25 53 -14 2 85 61 61 97 91 116 23 -51 99 25 27 -12 33 -11 -69 -20 
-30 98 -15 90 138 177 64 107 46 50 28 7 14 71 63 67 89 118 -9 127 57 55 74 32 46 81 -31 -13 20 3 -19 41 
-12 100 79 70 21 94 -29 21 137 44 42 1 16 60 43 18 242 82 121 159 104 130 7 1 104 -20 -1 -13 -3 41 -4 -17 
36 73 -3 162 82 208 92 73 -36 -8 -10 38 19 64 90 97 34 98 52 163 144 47 16 102 197 99 -2 67 47 -9 31 9 
2 53 -15 65 249 120 28 56 109 63 33 -33 13 35 43 63 142 94 194 169 147 124 30 -91 -8 -4 -60 -5 19 -40 45 16 
-2 42 -29 -13 99 53 -14 -59 14 -27 -12 -2 9 36 84 87 239 54 52 -2 15 77 61 3 117 44 49 -21 70 -13 36 13 
4 58 56 -49 123 137 28 -104 -3 -55 34 -41 -8 -47 47 15 56 111 123 262 94 135 28 28 15 1 19 -27 23 88 94 46 
-6 109 106 181 250 227 70 -2 69 30 2 -3 60 5 -3 58 152 43 217 97 93 199 0 -139 -29 -30 33 25 13 31 -36 -31 
34 74 -30 -12 91 61 156 55 -30 38 56 29 -16 27 55 67 176 42 -52 50 99 6 42 85 154 19 -9 17 -39 65 81 127 
-3 78 40 50 84 50 7 80 113 124 8 -38 -21 -4 76 64 54 87 33 31 -64 86 6 140 208 100 38 42 34 42 48 -14 
-12 136 -27 98 -45 -14 -22 -3 81 -57 31 -30 -4 -50 45 21 111 88 237 267 122 100 82 31 116 50 34 -65 -60 -8 30 -10 
-20 125 121 55 20 216 183 119 153 104 -26 41 23 61 38 23 184 98 49 -2 176 138 -29 -83 -8 -42 -22 -1 -14 -6 29 32 
51 91 -8 72 -34 121 171 84 41 -14 36 28 0 79 141 120 113 96 44 14 41 114 30 93 124 77 21 -22 1 -73 -4 -61 
52 98 49 148 55 74 -27 83 161 49 22 43 2 54 28 27 305 91 241 -27 -28 -29 37 12 14 98 -21 22 13 9 55 75 
27 80 -158 -12 71 118 76 40 -25 18 50 -38 9 17 110 61 125 120 63 178 81 148 94 68 -1 91 -23 -21 8 -6 32 -31 
16 57 60 -97 -31 -6 -36 -49 111 1 -20 11 33 34 -47 67 160 74 -21 101 250 133 61 86 77 56 27 -66 4 -21 -14 21 
-20 113 5 73 36 -35 163 89 90 43 68 -14 -6 32 26 -22 52 136 114 72 203 71 -4 61 111 65 8 76 -15 69 71 44 
-7 76 89 59 87 20 86 -32 -58 -9 -2 -27 58 -2 55 14 120 55 104 72 37 8 0 42 104 -7 5 -19 14 55 76 97 
18 81 110 30 -19 28 -31 36 188 79 -18 16 39 52 90 115 165 74 -28 81 -39 139 119 84 63 118 10 0 -3 -34 25 21 
57 87 179 178 104 176 136 181 196 124 14 54 1 56 91 83 63 66 68 220 224 219 144 146 155 78 42 58 18 -1 -53 -61 
-2 105 43 270 203 114 91 -8 117 -64 19 18 38 -52 18 -16 49 115 15 -95 1 -66 -53 124 128 51 11 1 2 16 82 12 
36 45 210 139 91 172 114 75 73 5 5 39 -51 22 -7 -39 182 80 6 166 14 1 -8 -149 44 -5 -4 -44 -24 -9 43 18 
-5 112 135 92 170 72 -28 -48 50 42 18 3 -12 -16 -42 18 131 33 106 58 76 114 121 77 -27 47 29 4 -21 -11 -10 -15 
10 98 36 19 -46 28 41 -35 38 -30 0 4 46 89 100 129 -37 78 100 11 97 -37 -54 -17 137 44 62 34 31 139 162 117 
29 87 121 6 -13 31 18 -3 99 78 -16 3 -30 37 37 27 -93 127 3 164 110 35 107 6 44 26 89 25 11 31 85 146 
23 108 12 83 68 177 110 64 84 49 27 4 31 2 27 60 -12 76 110 34 78 200 67 -14 124 32 13 1 22 91 33 69 
41 76 -52 -41 -12 73 125 145 189 71 30 6 22 18 64 44 59 80 -81 236 287 115 94 91 112 16 42 13 18 62 108 100 
32 26 90 235 189 40 106 38 -26 -20 55 11 38 32 63 94 139 70 94 37 64 8 149 -19 15 -10 39 -48 -2 61 4 98 
0 67 27 20 130 246 63 99 78 42 0 -3 -8 8 -13 -3 139 -69 64 -10 43 82 57 -13 -30 -1 0 10 22 14 -4 -16 

72 85 79 -40 -95 60 57 104 3 45 33 135 203 243 119 5 -26 73 35 87 156 19 21 34 22 52 -22 -81 -29 -69 -113 -38 
112 48 -5 -9 9 -85 -76 31 78 -29 8 82 -37 -15 1 73 22 123 41 6 -29 -31 -95 -25 116 104 -22 -37 47 48 18 -27 
6 188 115 155 105 47 91 177 91 -60 -78 9 79 97 81 53 19 81 -23 15 29 86 36 35 -82 -85 -62 -51 -21 9 99 98 
87 172 141 62 -108 -115 -114 -126 -141 -83 -115 -89 -71 -76 -122 -90 31 116 11 -89 -41 -64 -139 -160 -47 -102 -67 -51 -36 -87 -95 1 
-110 65 -15 84 146 45 29 2 49 -6 -54 -114 -66 -26 -40 -3 99 142 -48 60 -109 16 -55 -26 -169 -190 -169 -113 -46 -45 -23 29 
30 105 24 52 4 1 -26 77 72 -26 -58 -56 -74 -41 -67 -29 68 131 141 137 92 -21 -15 8 71 -59 -91 -61 5 60 -1 -2 
0 114 -4 140 87 103 -7 2 -99 -38 -94 -70 -77 -25 68 47 -12 57 -12 95 -28 -152 -101 72 164 64 -110 -84 -37 4 -9 -5 
26 112 -43 67 81 33 79 116 123 13 -55 -88 12 41 36 63 -4 -21 100 16 91 83 -11 -54 -50 -90 -88 -15 33 -53 -2 17 
-103 21 -134 -185 -169 -63 -148 -42 18 -69 -133 -82 -96 -44 109 127 116 125 104 6 -91 -34 26 55 31 -69 -51 -37 3 -28 32 14 
-75 52 29 -27 42 169 127 48 91 33 38 0 -34 -63 -79 -81 9 83 67 101 94 97 -16 63 -33 -20 -35 -1 61 93 80 10 
-100 30 17 44 112 -67 -66 -43 -74 -184 -150 -90 5 -31 -6 -8 -58 85 79 80 65 58 -51 -201 -135 -67 58 2 -44 -72 -63 -45 
-71 -21 -127 18 57 171 113 -60 -159 -16 88 -73 -186 -104 -57 -73 -9 61 -107 -74 -31 30 17 -17 -58 -124 -76 -25 -65 38 63 83 
-29 65 61 -70 88 -16 15 -1 57 89 14 -47 -21 17 129 185 73 118 136 64 -29 -63 -94 66 71 -16 -71 -104 -150 -120 -85 -44 
-45 133 -40 32 -66 67 13 9 13 -34 -74 -64 11 -19 -31 -22 10 109 36 133 81 91 25 85 60 -46 -191 -212 -129 -80 -23 -16 
-10 159 29 -3 33 100 30 54 25 0 -42 -52 -98 -96 -109 -73 138 157 39 36 -69 -59 -106 -100 -70 -115 -60 -68 -37 -78 11 67 
-58 12 -117 6 31 75 152 107 73 -19 25 -20 7 30 154 152 143 190 171 -77 -7 4 44 116 144 51 59 50 -1 -141 -141 -103 
-105 -28 -186 -115 -127 -103 -144 4 90 36 -10 25 -38 -26 -107 -96 266 89 85 -93 -98 -31 10 -2 -117 -124 -118 -100 -84 -111 42 99 
-67 50 -236 -30 -30 120 39 14 -21 -28 -6 14 47 46 85 4 -61 56 -47 38 -48 -61 -127 -94 -93 -40 -87 -59 10 -17 -60 -80 
-36 66 -98 -188 -6 -47 -13 -17 20 -4 34 58 51 18 62 103 148 63 110 126 21 122 103 96 9 -24 -21 -67 -9 -38 23 58 
24 135 -170 -187 -135 -12 9 77 45 18 -39 -71 -47 18 -50 -73 -16 145 57 105 92 -84 -110 -81 17 12 18 23 -61 -50 -34 -37 
57 146 8 -8 -23 -28 -104 -167 -127 -114 -91 -4 4 -71 -76 27 -77 79 -91 -80 -89 -7 16 12 15 -127 -140 -46 -3 57 45 80 
46 60 26 5 -130 -142 -72 -68 -23 -152 -109 15 86 43 96 158 106 -3 -105 -47 -63 46 -60 -120 -130 -112 -56 -92 -12 44 41 -3 
-16 66 83 57 136 119 71 101 125 82 -20 -54 -106 -4 106 27 -90 -29 -78 48 201 35 -2 30 94 31 4 -38 -103 -143 -114 -64 
-4 120 -11 153 7 -33 -23 -14 83 -20 -36 8 -8 -98 -66 -25 165 68 -126 -23 -122 -91 -63 201 108 -20 -176 -168 -89 -65 -7 4 
-10 122 266 126 141 36 78 80 45 -66 -108 -73 -19 -12 -65 -65 114 155 131 28 -46 -54 -155 -106 -93 -126 -79 -51 10 83 138 91 
-53 83 50 94 51 -70 -128 -82 -3 15 -52 -40 -58 -89 -160 -152 -122 59 58 33 -84 78 58 60 -93 -106 22 72 80 20 -83 -136 
53 119 -49 -79 -67 11 -88 -89 -41 -4 54 95 21 20 73 133 -144 108 -9 1 -97 -218 -120 -40 61 64 45 2 -22 3 52 103 
-16 71 26 -113 -14 35 21 14 -17 -54 -70 -75 -74 -51 -82 -24 -131 101 -3 -66 -142 -19 -2 16 -48 40 50 10 -34 -2 29 94 
-3 81 -235 12 20 134 148 72 24 -115 6 7 45 -15 -32 40 -103 89 71 105 16 23 -54 -20 59 -54 -105 -80 -10 90 34 8 
-69 0 -47 -70 -73 -18 98 119 65 -39 -87 -29 -3 31 -36 -1 -69 94 -5 203 89 -70 -21 169 159 53 -30 -80 -139 -56 32 55 
-43 66 47 99 58 -58 -59 -32 5 40 45 -30 -95 -59 57 2 -33 38 34 -13 -70 -35 52 -40 -3 -32 -7 -55 -35 8 23 64 
0 121 7 217 109 190 95 115 53 3 0 -1 14 28 -3 12 108 -8 80 -39 32 19 38 58 28 26 0 -25 -21 3 21 17 

-80 43 15 -61 98 77 -113 -3 29 24 24 -2 170 -16 10 101 102 72 -26 -15 69 150 89 63 -13 23 82 -38 -5 60 145 105 
64 194 155 56 39 236 277 188 120 -17 152 122 -28 -7 -12 -12 154 159 101 -11 76 65 6 95 26 16 -74 126 151 1 -58 92 
-29 246 61 24 15 73 -29 11 69 -40 -24 19 56 93 94 31 51 151 121 198 165 31 70 55 -44 80 90 -29 45 -51 -25 6 
103 71 66 -24 -154 -36 -30 116 108 16 3 121 227 -20 62 12 38 286 195 68 90 52 -90 6 -1 106 78 160 82 -1 60 9 
6 239 83 72 96 84 47 65 -33 71 50 77 123 95 -48 80 165 77 121 71 111 65 19 8 72 -103 35 46 -49 33 110 83 
121 186 41 -38 10 69 20 9 63 93 167 94 -19 -11 16 55 189 257 189 27 -11 16 16 -5 83 67 12 30 -41 -167 -75 68 
13 92 154 142 242 -28 -32 92 48 38 -16 -3 56 13 128 73 97 179 -108 -27 63 47 132 -8 -3 -5 92 34 208 157 48 -46 
-3 128 -50 214 184 112 227 193 19 -111 -154 16 154 20 -17 82 -4 91 198 153 95 34 -33 -32 -72 -24 81 69 41 3 47 74 
-63 90 64 41 130 46 -54 104 139 4 9 72 -16 61 147 39 217 196 63 -14 -6 -10 -61 199 17 26 38 198 1 94 138 111 
-11 188 250 138 237 208 144 -77 17 106 -50 -35 -15 30 -11 -43 180 248 9 -88 -35 77 128 56 20 13 42 109 31 71 63 79 
13 131 132 199 45 42 40 131 31 26 100 97 71 41 104 31 117 174 -37 -63 220 61 -7 47 89 267 184 49 -4 18 81 201 
-19 46 142 93 88 -7 -60 4 66 149 74 -29 -143 110 147 2 67 305 53 42 70 125 88 105 30 62 74 -38 80 144 209 -10 
20 110 -197 54 -16 71 25 136 32 91 48 70 120 89 19 124 140 147 127 5 -69 -7 70 -4 -92 52 184 194 138 222 137 156 
104 169 214 134 78 60 25 -84 -50 150 126 111 89 -3 -126 -37 77 145 9 6 144 7 -10 112 121 22 -53 55 67 -60 -187 50 
113 255 13 5 -28 100 37 8 128 -83 119 -39 -88 -62 53 112 169 146 -121 117 258 134 74 107 -166 37 62 67 100 113 -99 -41 
22 166 142 13 93 172 -58 -24 -20 60 -13 70 12 82 51 132 47 166 -48 34 42 -3 -35 104 115 47 -60 163 -64 19 -35 112 
23 270 186 214 97 148 104 93 143 42 122 49 49 122 112 -3 234 308 220 44 19 129 43 39 93 136 132 -46 -172 -38 -3 32 
25 200 114 149 225 8 54 -2 85 86 -5 194 67 17 55 130 32 144 138 67 -30 65 197 161 135 11 50 186 67 101 -49 4 
0 234 126 -26 73 83 -1 -94 -101 72 74 -83 -132 -168 73 37 -63 250 81 37 -204 3 -19 -36 70 95 36 161 56 -45 11 135 
24 119 -6 107 84 156 100 112 35 -31 -8 70 72 5 -85 19 331 279 -65 61 -91 -132 57 192 58 43 176 87 23 77 157 91 
-13 48 4 142 50 -11 -3 1 86 142 -8 210 83 73 72 -19 171 119 24 -61 205 178 15 -111 -72 7 -21 125 160 126 111 -37 
27 140 133 124 -64 -86 -29 -74 117 93 59 106 44 -28 57 112 97 24 190 162 161 13 -85 -186 75 61 17 62 -61 12 1 -36 
20 180 49 53 172 -45 21 -113 58 -37 68 -8 -43 60 139 63 -1 207 73 48 21 118 -154 65 -120 -2 147 120 70 -51 35 113 
98 190 38 124 79 135 43 -56 93 118 69 119 -5 30 0 -24 100 257 99 110 9 6 60 102 -71 -111 108 166 290 228 17 51 
-19 268 183 3 40 136 101 47 -162 -62 29 -95 67 -28 -148 -32 155 284 120 33 42 75 -69 6 60 -40 84 191 99 119 44 66 
12 161 -23 153 -64 -21 57 58 147 115 50 69 145 49 140 -31 93 185 91 -50 -50 -19 159 119 29 111 179 167 45 -6 -22 -33 
18 35 -63 -37 16 -38 -99 150 145 118 142 131 80 110 184 45 12 222 43 -22 -61 -19 166 125 102 138 135 93 240 217 216 243 
25 222 5 72 111 34 17 55 149 -12 51 -32 26 -16 -36 -13 137 91 45 -114 -102 91 27 84 22 173 168 117 86 107 58 -7 
56 256 134 266 192 -30 89 -9 -50 61 67 197 20 154 68 -7 24 97 209 -65 39 62 155 133 5 -45 106 253 108 -6 122 108 
51 175 208 158 77 137 171 7 48 -4 46 61 -54 -26 -8 74 144 58 -113 126 -124 20 68 117 118 -49 -44 159 102 133 165 53 
-42 228 25 92 32 182 36 137 81 75 17 6 -47 4 172 -16 63 267 80 -93 -69 104 86 47 48 85 -125 67 133 -40 60 26 
0 107 55 9 9 -91 -55 -49 -30 -21 0 6 -19 -13 -7 3 34 -23 -10 33 44 68 44 43 -45 -16 0 -10 -34 -74 -67 -43 

