240 603 681 566 303 636 694 744 291 498 525 226 179 0 
157 773 471 572 -129 955 653 411 359 671 232 587 154 0 
366 672 684 337 642 129 749 383 1074 742 579 162 212 0 
262 824 584 119 816 480 479 338 558 528 658 725 449 0 
422 839 571 417 928 364 771 349 587 879 849 417 377 0 
245 614 728 454 987 -51 538 598 547 939 752 305 194 0 
484 307 852 157 530 298 589 417 498 482 410 612 180 0 
295 332 587 511 578 359 515 313 136 578 256 901 334 0 
116 782 377 418 664 313 457 688 204 610 749 523 526 0 
352 407 430 408 564 440 572 201 259 238 52 554 582 0 
452 749 350 642 155 339 666 360 389 -1 689 359 19 0 
511 759 476 444 458 249 476 570 735 238 629 733 212 0 
101 534 185 868 215 456 303 380 240 5 223 325 186 0 

439 172 -17 471 478 538 402 373 288 433 479 666 260 0 
224 538 482 567 692 476 551 762 290 281 594 334 222 0 
499 647 640 481 125 402 618 349 480 900 536 476 364 0 
104 531 725 497 605 903 656 498 320 164 721 598 513 0 
466 364 456 721 627 520 562 725 514 745 1013 816 301 0 
435 518 663 19 574 626 599 783 668 368 492 770 399 0 
505 499 485 613 385 1332 381 589 240 684 849 840 453 0 
473 392 294 591 667 160 572 319 443 443 691 425 525 0 
154 359 267 412 627 546 678 536 364 341 655 448 409 0 
213 716 284 420 136 1024 582 500 740 -43 526 173 619 0 
456 646 284 206 236 474 539 898 320 467 211 133 258 0 
469 562 109 454 452 664 761 740 324 173 191 526 156 0 
469 452 537 77 317 235 115 291 400 313 320 164 553 0 

43 102 423 610 -45 347 371 438 -135 156 425 438 247 0 
349 469 653 371 314 267 414 470 548 703 202 540 204 0 
24 157 307 590 579 -358 584 474 411 869 727 409 205 0 
166 665 569 529 431 397 339 708 542 501 356 555 119 0 
509 507 750 469 846 84 682 461 594 391 285 645 436 0 
332 511 483 181 762 217 754 54 794 486 782 273 489 0 
518 198 195 922 19 540 790 127 192 892 154 628 363 0 
116 485 386 444 275 772 462 465 429 637 652 65 362 0 
106 431 663 112 431 360 369 73 706 469 74 633 439 0 
97 255 -17 757 248 335 487 280 621 462 361 297 132 0 
29 415 531 88 433 103 353 312 297 421 304 133 439 0 
128 496 666 124 -135 46 350 488 639 361 489 374 209 0 
-28 535 374 553 -220 350 508 246 337 87 295 438 311 0 

136 61 222 35 348 318 202 205 356 469 427 293 -36 0 
552 590 112 346 390 781 310 202 485 662 651 600 424 0 
270 574 356 45 566 396 354 545 590 388 512 836 332 0 
486 290 536 771 482 286 -41 281 237 793 758 459 200 0 
262 670 362 252 413 159 991 421 693 655 964 629 557 0 
321 397 489 730 234 524 408 563 538 798 634 590 123 0 
352 676 464 17 188 609 558 623 950 909 639 924 682 0 
273 585 755 544 769 621 463 330 239 114 758 791 160 0 
247 724 495 306 462 862 559 221 263 465 128 582 266 0 
154 256 369 456 194 394 479 43 249 22 713 519 348 0 
122 241 812 -17 261 419 825 555 267 598 114 590 43 0 
555 629 164 163 14 184 524 491 222 150 708 285 134 0 
262 309 148 231 66 577 584 487 208 176 320 386 198 0 

402 338 94 205 148 765 749 336 553 132 394 504 208 0 
371 714 417 638 307 598 109 492 334 458 228 -173 186 0 
594 538 476 200 370 776 761 129 393 529 473 260 222 0 
280 796 557 696 161 604 360 313 380 697 650 499 110 0 
497 552 238 422 405 170 637 243 536 727 1012 453 40 0 
676 348 554 -46 425 638 596 392 288 256 395 444 246 0 
86 324 355 77 -118 658 147 243 550 162 157 147 357 0 
108 194 311 272 247 -49 353 497 366 577 817 601 149 0 
274 400 712 411 641 179 472 386 181 67 286 741 337 0 
598 314 184 269 -81 493 206 612 11 590 376 226 -193 0 
257 228 154 8 778 293 387 286 -56 142 338 710 5 0 
648 464 427 360 347 345 629 399 471 541 144 585 174 0 
256 354 292 323 95 175 199 54 150 -192 203 -158 348 0 

-9 108 155 534 409 7 310 317 570 335 289 381 403 0 
289 593 402 406 391 455 366 465 622 508 981 738 428 0 
282 90 477 352 207 463 589 556 513 707 390 594 257 0 
-109 694 634 387 570 295 790 441 316 782 657 844 8 0 
165 -29 876 659 431 797 700 735 608 631 444 737 229 0 
715 986 475 229 407 578 478 668 1287 923 399 842 340 0 
225 424 383 483 695 128 228 225 571 584 552 700 343 0 
335 940 390 613 388 749 564 414 301 398 433 847 685 0 
233 560 247 745 596 379 782 397 185 221 2 238 606 0 
349 337 719 367 282 507 654 816 445 339 245 770 227 0 
445 562 581 105 303 402 420 421 473 416 742 -25 301 0 
418 416 572 325 439 122 356 705 237 431 774 514 409 0 
380 536 176 427 231 298 561 490 449 209 81 131 379 0 

31 -44 95 386 182 325 158 372 -207 218 473 360 173 0 
341 817 481 467 242 654 711 527 567 497 394 712 186 0 
238 364 454 275 498 190 1024 385 448 671 871 651 204 0 
184 550 901 527 522 423 476 648 613 435 819 653 341 0 
425 734 426 637 305 382 629 669 588 541 620 644 617 0 
467 752 593 -78 481 216 773 372 212 422 955 344 280 0 
473 173 818 1014 140 252 398 471 441 827 953 384 410 0 
485 499 114 546 560 724 685 65 552 985 686 805 681 0 
219 1 635 -40 556 518 50 991 388 398 289 659 269 0 
622 727 251 270 301 631 557 531 598 189 505 477 542 0 
267 496 472 879 217 273 784 428 232 383 493 358 547 0 
103 364 706 541 834 365 697 513 400 107 114 491 310 0 
253 396 242 392 -142 321 690 707 500 282 284 49 235 0 

251 48 402 194 351 211 412 677 74 115 386 307 140 0 
478 110 500 670 485 198 414 573 716 359 743 595 265 0 
290 490 593 932 205 247 85 399 1026 697 639 421 338 0 
678 542 324 452 536 413 553 475 487 599 541 670 314 0 
261 340 324 676 303 721 165 262 964 725 728 245 292 0 
364 628 283 334 180 616 774 581 472 599 677 457 251 0 
356 488 336 465 570 362 106 390 451 -89 582 750 385 0 
211 235 294 356 637 373 369 198 548 120 801 828 423 0 
255 228 552 446 661 357 227 -140 487 53 416 591 -52 0 
444 426 410 245 434 578 295 224 344 312 284 235 663 0 
122 386 446 560 727 200 482 604 132 266 727 68 288 0 
694 285 678 418 113 70 419 624 -85 376 253 279 219 0 
93 9 485 -36 194 -81 316 372 273 327 242 424 264 0 

66 118 342 467 526 75 367 700 113 150 108 129 230 0 
71 439 1125 755 310 297 682 567 691 177 423 587 456 0 
415 643 186 710 713 174 637 842 488 544 385 431 -55 0 
255 447 697 914 606 684 745 374 578 548 560 308 491 0 
376 441 98 323 437 787 266 816 1056 686 346 883 789 0 
613 686 479 217 489 425 678 793 338 188 633 637 373 0 
103 334 323 526 344 580 701 657 449 294 633 1078 393 0 
348 570 491 614 327 730 741 422 405 620 1054 1272 512 0 
612 219 402 358 1122 302 536 556 652 634 52 679 244 0 
631 597 400 760 130 616 102 481 801 -11 473 177 795 0 
283 516 430 339 687 308 -118 228 15 724 320 191 508 0 
414 201 155 624 158 389 748 681 511 276 87 359 496 0 
78 424 717 101 293 83 210 547 460 -7 498 735 -21 0 

112 303 596 517 1000 603 402 526 739 651 731 425 662 0 
434 780 320 839 1212 910 944 898 749 1107 1168 1185 624 0 
510 1011 797 945 669 881 770 647 909 800 725 823 692 0 
676 1167 1222 920 741 881 1070 1321 1275 1266 1112 1430 685 0 
876 1013 1100 936 783 779 1383 1482 1251 1500 1051 1098 617 0 
689 1033 990 871 775 792 893 990 820 1096 1178 1281 871 0 
420 831 518 493 974 962 869 1034 1078 612 1021 1512 1014 0 
440 906 637 634 792 803 919 1029 991 1284 541 1177 942 0 
339 964 576 758 1110 886 798 1269 93 632 1139 1095 779 0 
1093 843 959 700 1294 861 1330 589 571 1061 32 872 419 0 
291 857 678 1068 668 873 997 648 1014 384 651 570 338 0 
593 1064 916 887 951 574 1095 957 1138 390 828 720 305 0 
408 762 501 821 557 430 531 619 841 336 894 518 408 0 

-24 155 219 562 171 417 169 592 578 224 149 578 267 0 
415 435 643 1000 710 891 572 579 483 722 858 842 386 0 
640 236 745 278 572 469 345 788 628 675 809 847 783 0 
299 946 379 883 550 829 352 919 464 957 518 790 367 0 
403 795 845 -25 1168 148 870 770 928 1228 642 1120 510 0 
723 380 762 323 654 758 518 534 1029 632 1141 827 300 0 
232 567 553 464 732 576 1169 203 549 772 576 869 427 0 
239 1042 660 509 623 262 685 864 387 547 881 1340 559 0 
362 291 473 548 302 1086 445 290 233 654 708 437 482 0 
384 472 342 938 298 156 604 502 487 645 734 738 364 0 
325 796 849 9 872 242 762 509 927 470 395 863 573 0 
354 724 612 774 773 581 467 376 295 129 947 109 618 0 
555 391 559 506 478 642 175 515 544 439 565 557 158 0 

174 492 380 649 642 659 704 454 880 386 754 654 394 0 
203 638 872 568 133 419 940 825 322 581 492 783 172 0 
356 595 299 580 244 210 829 1024 585 794 682 1089 172 0 
-16 824 513 766 682 703 898 404 706 442 451 312 254 0 
792 796 925 503 745 674 436 505 442 670 1056 850 372 0 
210 260 563 178 428 538 840 451 532 277 569 723 161 0 
537 552 778 914 638 361 551 650 710 953 810 1093 149 0 
520 470 716 397 378 656 305 379 305 314 577 598 601 0 
399 557 313 687 623 408 660 318 456 265 666 757 356 0 
213 288 384 748 459 790 602 444 158 330 332 715 180 0 
441 548 611 140 440 541 540 555 280 529 379 474 481 0 
312 498 716 595 182 202 572 461 595 901 139 574 324 0 
8 632 218 356 156 107 202 -48 394 -165 719 538 221 0 

-34 85 240 -174 209 380 -37 -150 257 -144 122 149 139 0 
189 826 318 390 142 -45 337 680 10 480 -74 187 398 0 
286 -163 62 212 -57 37 444 119 117 -76 -42 145 3 0 
138 152 529 -97 161 185 343 330 513 220 433 104 492 0 
432 -61 282 801 -11 -144 223 721 18 566 368 261 437 0 
251 716 112 110 526 -1 189 242 532 -32 26 676 287 0 
475 134 480 281 469 605 69 12 -41 -90 232 142 -45 0 
121 422 132 181 495 119 672 269 179 38 191 262 234 0 
32 280 207 185 117 134 293 491 509 109 56 669 406 0 
287 -110 295 175 200 671 191 302 566 138 339 -76 261 0 
423 90 309 208 50 -185 265 40 151 262 93 100 -69 0 
246 449 79 218 37 336 411 300 509 -113 518 235 51 0 
464 236 176 311 290 216 507 391 133 309 138 -92 458 0 

-44 347 286 312 641 516 160 499 297 134 428 14 423 0 
377 797 893 612 339 907 922 1223 83 570 469 745 403 0 
517 435 402 326 681 298 596 406 291 787 459 528 259 0 
170 795 604 538 995 285 952 1035 763 960 714 845 353 0 
697 653 790 575 480 510 645 1026 947 525 703 687 534 0 
491 475 747 425 673 517 695 90 936 784 442 754 613 0 
202 366 457 650 355 732 810 469 285 896 783 609 486 0 
652 629 704 1235 408 728 717 769 724 719 420 774 853 0 
733 168 333 772 547 627 222 402 314 29 420 720 723 0 
392 422 186 484 724 357 493 739 744 466 -243 1359 97 0 
303 768 190 472 164 272 531 408 692 301 751 399 540 0 
373 358 492 337 646 778 365 595 676 490 429 485 328 0 
191 684 149 780 65 653 342 421 454 583 544 257 318 0 

321 451 282 89 65 590 94 53 781 272 523 252 354 0 
408 770 272 644 271 553 687 806 435 433 358 574 639 0 
531 488 615 516 122 219 646 665 927 311 831 892 469 0 
401 409 258 677 627 736 212 335 246 612 622 492 73 0 
198 575 676 640 262 496 827 253 486 777 965 1032 613 0 
202 688 554 85 865 560 798 563 428 508 518 848 401 0 
328 770 540 240 322 409 569 420 455 505 784 636 301 0 
233 506 293 650 589 322 844 276 208 42 395 791 234 0 
121 400 475 583 238 30 377 258 217 282 642 735 38 0 
484 -107 334 310 352 426 399 263 102 361 225 859 582 0 
279 354 574 197 421 341 582 607 369 464 617 532 229 0 
254 691 626 329 474 235 753 8 221 642 324 619 169 0 
116 349 -16 366 65 321 459 235 573 -11 497 49 507 0 

525 227 683 -52 770 653 500 528 294 97 523 443 606 0 
-8 832 647 404 616 727 691 778 390 580 678 907 418 0 
91 849 558 642 346 432 1088 746 455 767 1095 1056 402 0 
259 225 742 611 733 456 358 545 525 697 424 734 747 0 
177 787 428 545 841 811 653 1019 402 508 901 788 956 0 
314 756 431 747 1024 675 775 558 678 812 857 1253 586 0 
549 251 577 519 846 1049 608 534 259 709 1285 813 732 0 
572 1027 318 774 743 643 1196 146 567 500 782 546 494 0 
447 619 267 791 635 1083 961 629 841 300 461 377 392 0 
399 387 119 248 386 611 647 359 516 477 327 -49 617 0 
538 401 244 909 242 324 627 929 291 639 199 668 655 0 
339 915 513 177 777 239 629 862 913 375 630 855 414 0 
264 620 342 379 358 214 482 105 423 149 180 446 430 0 

206 211 807 295 634 138 551 584 226 425 427 471 319 0 
51 643 458 945 199 739 601 802 516 738 774 981 244 0 
595 931 542 394 748 641 540 508 946 1013 475 542 540 0 
844 759 960 741 796 380 450 516 774 1090 514 651 247 0 
324 667 621 808 740 383 1079 667 905 1115 934 296 423 0 
235 1033 425 511 647 252 775 965 954 818 626 789 574 0 
413 503 391 -185 1043 633 467 483 698 125 485 839 598 0 
631 1092 375 591 867 176 771 604 734 315 402 983 449 0 
94 223 545 606 581 586 469 -17 380 628 267 455 415 0 
331 405 675 238 304 569 999 16 416 187 902 608 230 0 
486 504 598 902 314 594 665 591 796 634 1090 560 261 0 
320 817 511 722 1050 233 513 632 746 -76 563 453 280 0 
124 60 518 103 191 57 325 304 438 628 96 118 145 0 

341 359 460 509 252 86 594 173 776 201 281 464 425 0 
186 510 322 125 382 455 324 237 355 300 665 94 437 0 
374 391 104 410 161 1008 326 106 145 261 631 399 597 0 
290 462 682 251 331 571 655 829 870 255 311 490 152 0 
189 820 606 679 512 622 538 562 154 342 688 251 277 0 
301 584 236 393 413 344 271 406 151 434 577 706 334 0 
391 558 342 -198 644 212 290 787 535 165 593 406 54 0 
95 617 410 273 506 337 718 657 -3 344 554 216 409 0 
23 464 111 444 83 146 470 37 285 69 197 444 463 0 
285 745 341 317 218 578 659 393 -59 474 646 -167 317 0 
520 33 337 386 39 247 490 475 312 696 70 527 -95 0 
312 409 294 248 506 96 350 401 497 312 427 614 69 0 
361 -1 488 229 383 -89 531 306 318 547 61 60 143 0 

327 364 333 121 861 75 352 385 464 840 380 343 137 0 
87 664 495 732 735 637 788 672 837 823 881 698 494 0 
536 556 751 563 151 744 716 874 587 612 780 825 529 0 
341 345 1112 682 494 416 728 614 765 519 816 724 346 0 
319 1011 401 678 641 457 804 983 706 1066 723 878 456 0 
588 736 616 623 380 1106 511 601 821 981 884 1025 218 0 
541 788 721 267 698 719 361 615 981 624 703 805 484 0 
137 744 509 555 -18 461 831 679 894 312 483 548 708 0 
346 835 779 352 596 974 661 546 334 316 318 880 796 0 
230 530 661 566 348 545 466 869 134 398 446 678 467 0 
334 644 671 701 418 411 925 821 402 477 484 800 273 0 
553 699 1129 364 205 463 786 722 478 700 425 233 684 0 
306 471 501 252 759 -12 283 377 435 570 438 653 290 0 

214 138 -2 210 -24 321 432 534 44 560 430 242 271 0 
511 597 461 378 552 585 1157 519 964 555 985 435 341 0 
-88 608 608 516 473 862 586 656 488 672 448 628 429 0 
525 898 576 514 612 368 845 146 378 483 758 640 479 0 
376 455 724 290 190 522 547 511 699 931 585 964 625 0 
400 358 589 403 667 344 517 572 503 881 1069 716 484 0 
271 411 459 573 565 626 880 662 147 645 686 604 301 0 
378 387 240 669 784 481 748 508 276 444 580 759 190 0 
131 145 142 451 729 378 792 807 387 428 335 368 245 0 
271 630 120 317 637 485 761 225 696 219 228 431 96 0 
233 23 447 262 -255 674 351 783 540 401 739 -36 150 0 
562 818 388 585 556 488 648 529 217 257 172 343 299 0 
86 344 486 265 243 372 472 269 304 -238 -171 407 159 0 

-68 356 -77 581 -203 246 703 419 387 196 101 566 386 0 
-184 817 112 204 311 287 765 79 205 567 310 675 192 0 
-315 162 411 312 399 77 1002 342 250 705 369 513 187 0 
29 588 608 519 555 316 735 893 775 255 340 510 207 0 
587 285 694 501 1003 435 620 273 763 389 307 590 182 0 
382 438 110 358 685 272 232 441 143 162 427 555 388 0 
155 237 -134 504 717 316 692 443 474 565 693 712 537 0 
452 225 143 530 681 560 658 405 178 482 679 882 282 0 
501 -88 198 388 819 837 595 480 724 294 -136 495 558 0 
204 77 320 135 675 458 556 516 141 530 168 -267 289 0 
226 16 67 -148 167 511 396 157 752 423 454 -49 30 0 
345 464 269 802 2 280 620 269 520 228 448 354 296 0 
-157 608 135 547 194 -49 565 424 478 -27 122 535 62 0 

423 483 386 314 667 383 484 555 550 341 457 354 367 0 
537 313 276 754 465 1081 462 238 589 620 646 490 432 0 
290 364 873 281 62 562 850 617 372 766 915 861 421 0 
360 676 44 764 876 521 542 647 286 838 682 533 346 0 
456 616 863 357 534 935 816 488 838 810 685 832 254 0 
551 905 658 678 750 720 601 467 1072 1011 1026 193 314 0 
547 562 414 379 735 820 757 311 695 904 686 879 285 0 
481 573 971 516 698 1107 526 836 248 -43 831 809 187 0 
323 535 320 568 516 515 648 473 479 561 469 408 718 0 
218 216 432 429 218 451 801 382 410 283 223 414 144 0 
322 456 644 23 477 670 826 147 193 624 461 405 267 0 
715 366 620 415 717 307 605 455 682 600 820 468 77 0 
333 413 549 359 604 429 341 398 287 69 187 254 269 0 

358 492 432 232 579 773 834 126 371 478 693 605 352 0 
408 648 383 896 791 1018 454 304 812 1060 1038 774 310 0 
743 275 1103 226 600 1019 950 1014 874 634 1253 972 750 0 
996 686 908 989 681 1148 701 794 402 1465 1055 965 539 0 
827 1035 901 869 757 272 969 721 851 873 849 1650 335 0 
645 847 616 559 863 1083 792 805 708 1263 897 1041 450 0 
384 673 578 539 798 1223 706 671 1210 1086 1186 1006 839 0 
383 1418 563 575 758 541 766 409 808 999 1013 760 502 0 
443 803 841 736 947 921 910 838 408 427 593 608 638 0 
914 388 873 561 717 1190 1074 465 254 324 407 1030 415 0 
529 1001 610 541 623 939 1290 942 838 348 283 800 346 0 
606 802 923 510 507 374 698 618 1118 642 559 569 413 0 
245 349 580 126 379 387 264 620 280 612 924 614 394 0 

230 354 516 539 412 477 235 693 720 559 629 475 560 0 
666 571 631 716 538 547 910 908 266 499 678 333 481 0 
438 591 757 1030 392 715 313 500 636 724 646 646 125 0 
532 526 1129 712 833 184 813 755 1132 881 1120 697 573 0 
428 629 815 532 561 1166 793 665 597 1162 887 796 631 0 
480 1006 661 481 480 433 790 445 879 606 706 963 715 0 
409 553 413 104 357 502 648 535 561 820 1007 578 780 0 
230 269 648 780 212 724 535 368 571 792 984 651 762 0 
453 763 1076 634 662 816 738 474 298 441 607 881 371 0 
353 433 536 494 851 484 514 324 251 525 495 777 423 0 
370 510 624 146 237 134 765 884 557 368 924 889 434 0 
448 935 470 513 501 410 721 534 671 586 783 841 615 0 
164 491 562 422 365 436 559 13 481 461 269 343 492 0 

296 -227 -10 232 8 217 152 393 29 280 278 579 132 0 
184 962 801 534 313 664 1187 740 -8 431 568 719 254 0 
277 159 326 355 456 417 71 371 321 753 397 627 417 0 
654 597 692 492 69 723 645 700 749 455 692 101 189 0 
557 1156 642 840 571 485 534 435 166 589 1341 916 448 0 
492 281 198 466 473 161 488 103 -297 274 626 561 326 0 
449 320 428 502 465 991 374 911 533 574 1032 249 215 0 
341 -31 678 620 381 798 983 278 1122 402 801 323 481 0 
428 18 449 414 304 520 401 500 485 396 733 213 291 0 
364 195 298 626 579 659 173 645 55 -13 810 320 529 0 
828 86 595 299 484 500 396 790 307 473 511 655 372 0 
452 371 399 787 563 338 714 374 42 352 -125 890 147 0 
107 190 307 -39 -10 -211 383 265 324 183 464 71 307 0 

553 526 452 455 761 990 1037 494 755 505 784 858 636 0 
434 672 751 435 1206 662 426 529 563 433 1147 544 353 0 
604 601 846 908 163 952 1002 622 872 917 843 1052 513 0 
615 975 1327 781 647 371 927 605 1211 1159 1041 778 921 0 
650 1242 656 602 494 1000 641 1030 859 718 1479 1313 1032 0 
425 933 699 678 667 728 1126 575 940 1073 877 1016 867 0 
506 1032 604 686 655 1019 775 863 1212 771 897 912 978 0 
211 535 1105 399 720 888 432 622 682 321 947 813 545 0 
487 911 939 583 981 767 757 877 588 225 877 884 647 0 
346 625 599 766 607 745 904 685 439 273 853 183 275 0 
184 718 799 455 138 460 824 883 630 318 330 605 625 0 
346 1396 550 745 623 387 597 1043 964 792 890 883 455 0 
568 580 686 323 817 350 462 305 265 74 259 497 356 0 

300 151 462 388 408 427 471 632 315 104 644 300 201 0 
205 622 509 551 640 793 339 594 706 806 895 762 320 0 
17 666 364 675 -22 412 698 531 832 951 738 893 126 0 
459 642 811 242 325 517 478 906 586 626 662 734 412 0 
642 527 753 901 713 700 727 931 743 754 422 477 721 0 
379 842 424 414 658 545 836 767 608 943 833 680 202 0 
271 575 782 603 645 480 559 899 852 734 668 697 413 0 
175 651 434 492 741 195 684 636 881 399 790 1023 561 0 
347 505 376 429 670 241 638 407 244 501 580 1031 375 0 
483 816 581 145 268 302 497 563 386 546 606 110 567 0 
453 308 675 489 591 415 735 290 109 371 340 617 525 0 
-67 678 556 432 422 212 631 497 815 445 362 685 108 0 
254 616 331 337 541 228 767 396 699 77 377 188 -84 0 

326 357 284 104 532 309 586 327 630 724 626 489 321 0 
511 780 634 364 513 1109 410 475 779 687 774 347 254 0 
334 751 505 450 504 778 793 478 260 693 698 581 350 0 
503 451 334 1085 440 500 859 764 478 1069 727 792 116 0 
783 731 720 629 572 849 704 1045 864 578 781 467 236 0 
591 862 571 470 285 1082 356 720 939 839 1194 887 220 0 
238 312 401 -51 219 285 441 614 638 818 951 877 450 0 
283 708 841 359 608 495 436 1029 150 800 712 271 571 0 
652 1003 1068 754 906 750 1014 498 544 296 78 681 566 0 
439 467 774 643 567 475 598 485 368 -213 937 992 -29 0 
479 690 237 715 601 556 905 741 582 200 533 555 494 0 
840 346 818 423 485 662 264 929 585 767 712 572 155 0 
428 327 686 371 422 613 624 536 139 647 395 632 130 0 

187 -334 129 169 329 -114 -305 400 34 174 487 96 224 0 
-110 544 631 373 -65 280 554 814 271 517 176 201 19 0 
446 11 397 35 -95 539 968 207 195 352 608 538 236 0 
165 260 704 716 670 68 184 661 318 12 130 -207 384 0 
364 639 310 310 189 487 242 642 274 506 800 178 152 0 
198 335 92 351 745 348 240 4 208 234 357 120 -181 0 
532 185 276 640 258 246 246 364 737 750 649 -24 319 0 
44 27 26 470 126 269 767 282 367 366 281 204 285 0 
409 -69 610 268 63 403 432 244 361 -55 350 216 88 0 
503 162 387 421 643 386 16 306 227 204 290 126 375 0 
196 420 466 618 161 349 659 363 176 464 301 44 288 0 
389 529 564 336 491 120 -25 439 184 39 -82 216 249 0 
188 -54 -210 -44 -233 39 211 140 304 526 410 227 48 0 

150 428 574 123 466 49 767 596 162 679 434 308 437 0 
-1 759 748 925 549 928 1020 808 654 842 717 742 416 0 
313 878 934 272 481 511 1080 822 748 885 955 654 921 0 
529 662 537 630 696 512 719 636 619 486 756 365 626 0 
253 571 938 730 1014 524 855 983 935 513 1028 651 633 0 
392 860 247 806 804 329 653 868 568 747 1182 741 716 0 
630 143 746 491 721 906 800 570 767 366 913 909 617 0 
650 684 553 452 733 795 1092 316 817 863 940 446 603 0 
160 399 678 482 624 367 820 845 765 422 674 327 550 0 
405 704 534 -27 123 529 547 308 564 128 626 266 545 0 
297 754 280 782 372 758 574 706 573 513 528 594 486 0 
459 597 550 672 769 344 797 813 477 275 281 636 448 0 
193 583 259 151 -9 135 545 613 684 83 -33 448 204 0 

627 573 807 416 475 612 761 562 595 375 449 372 270 0 
558 952 307 943 591 1239 460 816 323 503 567 357 284 0 
271 484 777 434 747 869 839 720 356 697 843 687 335 0 
564 547 637 625 921 789 564 667 380 1034 775 716 400 0 
569 870 1073 755 668 729 1048 328 802 934 1393 696 491 0 
596 824 288 447 788 597 799 798 379 1022 1261 612 381 0 
341 918 745 -29 948 647 996 509 633 325 963 174 281 0 
475 668 616 718 381 903 715 551 537 763 740 581 194 0 
535 476 358 542 738 465 919 400 574 572 569 877 566 0 
369 117 761 -86 482 152 429 593 362 447 731 607 24 0 
680 708 337 449 340 653 752 566 636 299 755 771 49 0 
478 888 658 473 595 709 958 709 799 775 524 639 190 0 
425 596 310 616 716 514 744 330 690 443 -123 540 171 0 

333 399 541 -231 330 184 664 -16 275 361 292 347 176 0 
238 255 532 710 526 378 352 821 323 670 297 372 236 0 
271 668 614 478 70 426 422 656 498 413 451 423 859 0 
479 -24 461 275 656 213 504 477 389 819 996 282 262 0 
306 429 811 610 74 229 602 379 538 552 388 410 421 0 
-28 438 189 136 542 845 849 486 182 590 173 491 83 0 
593 40 1136 -189 578 1054 383 540 1026 316 1020 724 249 0 
-52 335 283 -112 504 283 708 559 479 693 459 737 554 0 
201 905 237 620 449 352 319 669 462 471 458 467 418 0 
657 72 812 -104 210 382 158 220 -135 649 700 449 194 0 
185 433 23 518 206 222 372 652 28 58 286 912 120 0 
437 472 521 113 487 247 834 429 598 297 492 607 -108 0 
294 676 634 77 108 148 204 143 209 -6 183 242 380 0 

