773 773 681 572 955 955 744 744 671 671 587 587 179 
773 773 684 642 955 955 749 1074 1074 742 587 587 212 
824 824 684 816 816 749 749 1074 1074 742 725 725 449 
839 839 584 928 928 771 771 587 879 879 849 725 449 
839 839 728 987 987 771 771 598 939 939 849 417 377 
614 852 852 987 987 589 598 598 939 939 752 612 194 
484 852 852 578 578 589 589 498 578 578 901 901 334 
782 782 587 664 664 515 688 688 610 749 901 901 526 
782 782 430 664 664 572 688 688 610 749 749 582 582 
749 749 642 642 564 666 666 389 389 689 689 582 582 
759 759 642 642 458 666 666 735 735 689 733 733 212 
759 759 868 868 458 476 570 735 735 629 733 733 212 
534 534 868 868 456 456 380 380 240 223 325 325 186 

538 538 567 692 692 551 762 762 433 594 666 666 260 
647 647 640 692 692 618 762 762 900 900 594 476 364 
647 725 725 605 903 903 656 498 900 900 721 598 513 
531 725 725 721 903 903 725 725 745 1013 1013 816 513 
518 663 721 721 627 626 783 783 745 1013 1013 816 399 
518 663 663 613 1332 1332 783 783 684 849 849 840 453 
505 499 613 667 1332 1332 589 589 684 849 849 840 525 
473 392 591 667 667 678 678 536 443 691 691 525 525 
716 716 420 627 1024 1024 678 740 740 655 655 619 619 
716 716 420 420 1024 1024 898 898 740 526 526 619 619 
646 646 454 454 664 761 898 898 467 467 526 526 258 
562 562 537 454 664 761 761 740 400 320 526 553 553 
469 537 537 317 317 235 291 400 400 320 320 553 553 

469 653 653 610 347 414 470 548 703 703 540 540 247 
469 653 653 590 579 584 584 548 869 869 727 540 205 
665 665 590 590 579 584 708 708 869 869 727 555 205 
665 750 750 846 846 682 708 708 594 501 645 645 436 
511 750 750 846 846 754 754 794 794 782 782 645 489 
518 511 922 922 762 790 790 794 892 892 782 628 489 
518 485 922 922 772 790 790 465 892 892 652 628 363 
485 663 663 444 772 772 465 706 706 652 652 633 439 
431 663 757 757 431 487 487 706 706 469 633 633 439 
415 531 757 757 433 487 487 621 621 462 361 439 439 
496 666 666 433 433 353 488 639 639 489 489 439 439 
535 666 666 553 350 508 508 639 639 489 489 438 311 
535 535 553 553 350 508 508 337 337 295 438 438 311 

590 590 346 390 781 781 310 485 662 662 651 600 424 
590 590 356 566 781 781 545 590 662 662 836 836 424 
574 574 771 771 566 396 545 590 793 793 836 836 332 
670 670 771 771 482 991 991 693 793 964 964 629 557 
670 670 730 730 524 991 991 693 798 964 964 629 557 
676 676 730 730 609 609 623 950 950 909 924 924 682 
676 755 755 769 769 621 623 950 950 909 924 924 682 
724 755 755 769 862 862 559 330 465 758 791 791 266 
724 724 495 462 862 862 559 263 465 713 713 582 348 
256 812 812 456 419 825 825 555 598 713 713 590 348 
629 812 812 261 419 825 825 555 598 708 708 590 134 
629 629 231 231 577 584 584 491 222 708 708 386 198 
309 309 231 231 577 584 584 487 208 320 386 386 198 

714 714 638 638 765 765 749 553 553 458 504 504 208 
714 714 638 638 776 776 761 492 529 529 473 260 222 
796 796 696 696 776 776 761 393 697 697 650 499 222 
796 796 696 696 604 637 637 536 727 1012 1012 499 110 
676 554 554 425 638 638 637 536 727 1012 1012 453 246 
676 554 554 425 658 658 596 550 550 395 444 444 357 
324 355 355 272 658 658 497 550 577 817 817 601 357 
400 712 712 641 641 472 497 497 577 817 817 741 337 
598 712 712 641 641 493 612 612 590 590 741 741 337 
598 314 269 778 778 493 612 612 590 590 710 710 5 
648 464 427 778 778 629 629 471 541 541 710 710 174 
648 464 427 360 347 629 629 471 541 541 585 585 348 
354 354 323 323 175 199 199 150 150 203 203 348 348 

593 593 534 534 455 455 465 622 622 981 981 738 428 
593 593 477 406 463 589 589 622 707 981 981 738 428 
694 694 634 570 570 790 790 556 782 782 844 844 257 
694 876 876 659 797 797 790 735 782 782 844 844 229 
986 986 876 659 797 797 735 1287 1287 923 842 842 340 
986 986 483 695 695 578 668 1287 1287 923 842 842 343 
940 940 613 695 749 749 564 571 584 584 847 847 685 
940 940 745 745 749 782 782 414 398 433 847 847 685 
560 719 745 745 596 782 816 816 445 339 770 770 606 
562 719 719 367 507 654 816 816 473 742 770 770 301 
562 581 581 439 439 420 705 705 473 774 774 514 409 
536 572 572 439 439 561 705 705 449 774 774 514 409 
536 536 427 427 298 561 561 490 449 209 131 379 379 

817 817 481 467 654 711 711 567 567 497 712 712 186 
817 817 481 498 654 1024 1024 567 671 871 871 712 204 
550 901 901 527 522 1024 1024 648 671 871 871 653 341 
734 901 901 637 522 629 669 669 613 819 819 653 617 
752 752 637 637 481 773 773 669 588 955 955 644 617 
752 818 1014 1014 481 773 773 471 827 955 955 410 410 
499 818 1014 1014 724 724 685 552 985 985 953 805 681 
499 635 635 560 724 724 991 991 985 985 805 805 681 
727 727 635 556 631 631 991 991 598 505 659 659 542 
727 727 879 879 631 784 784 598 598 505 505 547 547 
496 706 879 879 834 784 784 513 400 493 493 547 547 
396 706 706 834 834 697 707 707 500 284 491 491 310 
396 396 392 392 321 690 707 707 500 284 284 235 235 

478 500 670 670 485 414 677 716 716 743 743 595 265 
490 593 932 932 485 414 573 1026 1026 743 743 595 338 
678 593 932 932 536 553 553 1026 1026 697 670 670 338 
678 542 676 676 721 721 553 964 964 728 728 670 314 
628 628 676 676 721 774 774 964 964 728 728 457 292 
628 628 465 570 616 774 774 581 599 677 750 750 385 
488 488 465 637 637 373 390 548 548 801 828 828 423 
255 552 552 661 661 373 369 548 548 801 828 828 423 
444 552 552 661 661 578 295 487 487 416 591 663 663 
444 446 560 727 727 578 604 604 344 727 727 663 663 
694 678 678 727 727 482 624 624 376 727 727 288 288 
694 678 678 418 194 419 624 624 376 376 424 424 264 
93 485 485 194 194 316 372 372 327 327 424 424 264 

439 1125 1125 755 526 682 700 700 691 423 587 587 456 
643 1125 1125 755 713 682 842 842 691 544 587 587 456 
643 697 914 914 713 745 842 842 578 560 560 491 491 
447 697 914 914 787 787 816 1056 1056 686 883 883 789 
686 686 479 489 787 787 816 1056 1056 686 883 883 789 
686 686 526 526 580 701 793 793 449 633 1078 1078 393 
570 570 614 614 730 741 741 657 620 1054 1272 1272 512 
612 570 614 1122 1122 741 741 652 652 1054 1272 1272 512 
631 597 760 1122 1122 616 556 801 801 634 679 795 795 
631 597 760 760 687 616 481 801 801 724 473 795 795 
516 516 624 687 687 748 748 681 724 724 359 508 508 
424 717 717 624 389 748 748 681 511 498 735 735 496 
424 717 717 293 293 210 547 547 460 498 735 735 0 

780 780 839 1212 1212 944 944 898 1107 1168 1185 1185 662 
1011 1011 945 1212 1212 944 944 909 1107 1168 1185 1185 692 
1167 1222 1222 945 881 1070 1321 1321 1275 1266 1430 1430 692 
1167 1222 1222 936 881 1383 1482 1482 1500 1500 1430 1430 685 
1033 1100 1100 936 792 1383 1482 1482 1500 1500 1281 1281 871 
1033 1033 990 974 974 962 1034 1078 1096 1178 1512 1512 1014 
906 906 637 974 974 962 1034 1078 1284 1284 1512 1512 1014 
964 964 758 1110 1110 919 1269 1269 1284 1284 1177 1177 942 
1093 964 959 1294 1294 1330 1330 1269 1061 1139 1139 1095 779 
1093 959 1068 1294 1294 1330 1330 1014 1061 1061 872 872 419 
1064 1064 1068 1068 951 1095 1095 1138 1138 828 828 720 338 
1064 1064 916 951 951 1095 1095 1138 1138 894 894 720 408 
762 762 821 821 557 531 619 841 841 894 894 518 408 

435 643 1000 1000 891 891 592 592 722 858 858 842 386 
640 745 1000 1000 891 891 788 788 722 858 858 847 783 
946 946 883 883 829 829 919 919 957 957 847 847 783 
946 946 883 1168 1168 870 919 928 1228 1228 1120 1120 510 
795 845 845 1168 1168 870 870 1029 1228 1228 1141 1120 510 
723 762 762 732 758 1169 1169 1029 1029 1141 1141 869 427 
1042 1042 660 732 732 1169 1169 864 772 881 1340 1340 559 
1042 1042 660 623 1086 1086 864 864 654 881 1340 1340 559 
472 473 938 938 1086 1086 604 502 654 734 738 738 482 
796 849 938 938 872 762 762 927 927 734 863 863 573 
796 849 849 872 872 762 762 927 927 947 947 863 618 
724 724 774 774 773 642 515 544 544 947 947 618 618 
555 559 559 506 642 642 515 544 544 565 565 557 158 

638 872 872 649 659 940 940 880 880 754 783 783 394 
638 872 872 580 419 940 1024 1024 794 794 1089 1089 172 
824 824 766 766 703 898 1024 1024 794 794 1089 1089 254 
824 925 925 766 745 898 898 706 706 1056 1056 850 372 
796 925 925 745 745 840 840 532 670 1056 1056 850 372 
552 778 914 914 638 840 840 710 953 953 1093 1093 161 
552 778 914 914 656 656 650 710 953 953 1093 1093 601 
557 716 716 687 656 660 660 456 456 666 757 757 601 
557 557 748 748 790 790 660 456 456 666 757 757 356 
548 611 748 748 790 790 602 555 529 529 715 715 481 
548 716 716 595 541 572 572 595 901 901 574 574 481 
632 716 716 595 202 572 572 595 901 901 719 574 324 
632 632 356 356 156 202 202 394 394 719 719 538 221 

826 826 390 390 380 380 680 680 480 480 187 398 398 
826 826 390 390 142 444 680 680 480 480 187 398 398 
286 529 529 212 185 444 444 513 513 433 433 492 492 
432 529 801 801 185 343 721 721 566 566 433 492 492 
716 716 801 801 526 223 721 721 566 566 676 676 437 
716 716 480 526 605 605 242 532 532 232 676 676 287 
475 480 480 495 605 672 672 269 179 232 262 262 234 
422 422 207 495 495 672 672 509 509 191 669 669 406 
287 295 295 200 671 671 491 566 566 339 669 669 406 
423 309 309 208 671 671 302 566 566 339 339 261 261 
449 449 309 218 336 411 411 509 509 518 518 235 51 
464 449 311 311 336 507 507 509 509 518 518 458 458 
464 236 311 311 290 507 507 391 309 309 138 458 458 

797 893 893 641 907 922 1223 1223 570 570 745 745 423 
797 893 893 681 907 922 1223 1223 787 787 745 745 403 
795 795 604 995 995 952 1035 1035 960 960 845 845 353 
795 795 790 995 995 952 1035 1035 960 960 845 845 534 
697 790 790 673 673 695 1026 1026 947 784 754 754 613 
491 747 747 673 732 810 810 936 936 896 783 754 613 
652 704 1235 1235 732 810 810 769 896 896 783 853 853 
733 704 1235 1235 728 728 769 769 724 719 774 853 853 
733 422 772 772 724 627 739 744 744 466 1359 1359 723 
768 768 484 724 724 531 739 744 744 751 1359 1359 540 
768 768 492 646 778 778 595 692 692 751 751 540 540 
684 684 780 780 778 778 595 676 676 583 544 485 328 
684 684 780 780 653 653 421 454 583 583 544 318 318 

770 770 644 644 590 687 806 806 781 523 574 639 639 
770 770 644 644 553 687 806 927 927 831 892 892 639 
531 615 677 677 736 736 665 927 927 831 892 892 469 
575 676 677 677 736 827 827 486 777 965 1032 1032 613 
688 688 676 865 865 827 827 563 777 965 1032 1032 613 
770 770 554 865 865 798 798 563 508 784 848 848 401 
770 770 650 650 589 844 844 455 505 784 791 791 301 
506 506 650 650 589 844 844 276 282 642 791 791 234 
484 475 583 583 426 426 399 263 361 642 859 859 582 
484 574 574 421 426 582 607 607 464 617 859 859 582 
691 691 626 474 474 753 753 607 642 642 619 619 229 
691 691 626 474 474 753 753 573 642 642 619 619 507 
349 349 366 366 321 459 459 573 573 497 497 507 507 

832 832 683 770 770 727 778 778 580 678 907 907 606 
849 849 647 642 727 1088 1088 778 767 1095 1095 1056 418 
849 849 742 733 733 1088 1088 746 767 1095 1095 1056 747 
787 787 742 841 841 811 1019 1019 697 901 901 956 956 
787 787 747 1024 1024 811 1019 1019 812 901 1253 1253 956 
756 756 747 1024 1049 1049 775 678 812 1285 1285 1253 732 
1027 1027 774 846 1049 1196 1196 567 709 1285 1285 813 732 
1027 1027 791 791 1083 1196 1196 841 841 782 782 546 494 
619 619 791 791 1083 1083 961 841 841 477 461 617 617 
538 401 909 909 611 647 929 929 639 639 668 668 655 
915 915 909 909 777 629 929 929 913 639 855 855 655 
915 915 513 777 777 629 862 913 913 630 855 855 430 
620 620 379 379 358 482 482 423 423 180 446 446 430 

643 807 945 945 739 739 802 802 738 774 981 981 319 
931 931 945 945 748 739 802 946 1013 1013 981 981 540 
931 960 960 796 796 641 540 946 1090 1090 651 651 540 
844 960 960 808 796 1079 1079 905 1115 1115 934 651 423 
1033 1033 808 808 740 1079 1079 965 1115 1115 934 789 574 
1033 1033 511 1043 1043 775 965 965 954 818 839 839 598 
1092 1092 591 1043 1043 771 771 734 734 485 983 983 598 
1092 1092 606 867 867 771 771 734 734 628 983 983 449 
405 675 675 606 586 999 999 416 628 902 902 608 415 
504 675 902 902 594 999 999 796 796 1090 1090 608 261 
817 817 902 1050 1050 665 665 796 796 1090 1090 560 280 
817 817 722 1050 1050 513 632 746 746 628 563 453 280 
124 518 518 191 191 325 325 438 628 628 118 145 145 

510 510 509 509 455 594 594 776 776 665 665 464 437 
510 510 410 410 1008 1008 326 355 355 665 665 597 597 
462 682 682 410 1008 1008 829 870 870 631 631 597 597 
820 820 682 679 622 655 829 870 870 688 688 490 277 
820 820 679 679 622 622 562 562 434 688 706 706 334 
584 584 393 644 644 344 787 787 535 593 706 706 334 
617 617 410 644 644 718 787 787 535 593 593 409 409 
617 617 444 506 506 718 718 657 344 554 554 463 463 
745 745 444 444 578 659 659 393 474 646 646 463 463 
745 745 386 386 578 659 659 475 696 696 646 527 317 
520 409 386 506 506 490 490 497 696 696 614 614 69 
409 488 488 506 506 531 531 497 547 547 614 614 143 
361 488 488 383 383 531 531 318 547 547 61 143 143 

664 664 732 861 861 788 788 837 840 881 881 698 494 
664 751 751 735 744 788 874 874 837 881 881 825 529 
556 1112 1112 682 744 744 874 874 765 816 825 825 529 
1011 1112 1112 682 641 804 983 983 1066 1066 878 878 456 
1011 1011 678 678 1106 1106 983 983 1066 1066 1025 1025 456 
788 788 721 698 1106 1106 615 981 981 981 1025 1025 484 
788 788 721 698 719 831 831 981 981 703 805 805 708 
835 835 779 596 974 974 831 894 894 483 880 880 796 
835 835 779 596 974 974 869 869 398 446 880 880 796 
644 671 701 701 545 925 925 869 477 484 800 800 467 
699 1129 1129 701 463 925 925 821 700 700 800 800 684 
699 1129 1129 759 759 786 786 722 700 700 653 684 684 
471 501 501 759 759 283 377 435 570 570 653 653 290 

597 597 461 552 585 1157 1157 964 964 985 985 435 341 
608 608 608 552 862 1157 1157 964 964 985 985 628 429 
898 898 608 612 862 862 845 656 672 758 758 640 479 
898 898 724 612 612 845 845 699 931 931 964 964 625 
455 724 724 667 667 547 572 699 931 1069 1069 964 625 
411 589 589 667 667 880 880 662 881 1069 1069 716 484 
411 459 669 784 784 880 880 662 645 686 759 759 301 
387 387 669 784 784 792 807 807 444 580 759 759 245 
630 630 451 729 729 792 807 807 696 428 431 431 245 
630 630 447 637 674 761 783 783 696 739 739 431 150 
818 818 585 585 674 674 783 783 540 739 739 343 299 
818 818 585 585 556 648 648 529 304 257 407 407 299 
344 486 486 265 372 472 472 304 304 0 407 407 159 

817 817 581 581 311 765 765 419 567 567 675 675 386 
817 817 411 399 399 1002 1002 342 705 705 675 675 192 
588 608 608 555 555 1002 1002 893 775 705 513 513 207 
588 694 694 1003 1003 735 893 893 775 389 590 590 207 
587 694 694 1003 1003 620 620 763 763 427 590 590 388 
438 438 504 717 717 692 692 474 565 693 712 712 537 
452 237 530 717 717 692 692 474 565 693 882 882 537 
501 225 530 819 837 837 658 724 724 679 882 882 558 
501 320 388 819 837 837 595 724 724 530 495 558 558 
226 320 320 675 675 556 556 752 752 530 454 289 289 
464 464 802 802 511 620 620 752 752 454 454 354 296 
608 608 802 802 280 620 620 520 520 448 535 535 296 
608 608 547 547 194 565 565 478 478 122 535 535 62 

537 483 754 754 1081 1081 555 589 620 646 646 490 432 
537 873 873 754 1081 1081 850 617 766 915 915 861 432 
676 873 873 876 876 850 850 647 838 915 915 861 421 
676 863 863 876 935 935 816 838 838 838 832 832 346 
905 905 863 750 935 935 816 1072 1072 1026 1026 832 314 
905 905 678 750 820 820 757 1072 1072 1026 1026 879 314 
573 971 971 735 1107 1107 836 836 904 904 879 879 285 
573 971 971 698 1107 1107 836 836 561 831 831 809 718 
535 535 568 568 516 801 801 479 561 561 469 718 718 
456 644 644 477 670 826 826 410 624 624 461 414 267 
715 644 644 717 717 826 826 682 682 820 820 468 267 
715 620 620 717 717 605 605 682 682 820 820 468 269 
413 549 549 604 604 429 398 398 287 187 254 269 269 

648 648 896 896 1018 1018 834 812 1060 1060 1038 774 352 
743 1103 1103 896 1019 1019 1014 1014 1060 1253 1253 972 750 
996 1103 1103 989 1148 1148 1014 1014 1465 1465 1253 972 750 
1035 1035 989 989 1148 1148 969 851 1465 1465 1650 1650 539 
1035 1035 901 869 1083 1083 969 851 1263 1263 1650 1650 450 
847 847 616 863 1223 1223 805 1210 1263 1263 1186 1041 839 
1418 1418 578 798 1223 1223 766 1210 1210 1186 1186 1006 839 
1418 1418 841 947 947 921 910 838 999 1013 1013 760 638 
914 873 873 947 1190 1190 1074 838 427 593 1030 1030 638 
1001 1001 873 717 1190 1290 1290 942 838 407 1030 1030 415 
1001 1001 923 623 939 1290 1290 1118 1118 642 800 800 413 
802 923 923 510 507 698 698 1118 1118 924 924 614 413 
349 580 580 379 387 387 620 620 612 924 924 614 394 

666 631 716 716 547 910 910 908 720 678 678 560 560 
666 757 1030 1030 715 910 910 908 724 724 678 646 481 
591 1129 1129 1030 833 813 813 1132 1132 1120 1120 697 573 
629 1129 1129 833 1166 1166 813 1132 1162 1162 1120 796 631 
1006 1006 815 561 1166 1166 793 879 1162 1162 963 963 715 
1006 1006 661 481 502 790 790 879 879 1007 1007 963 780 
553 648 780 780 724 724 648 571 820 1007 1007 780 780 
763 1076 1076 780 816 816 738 571 792 984 984 881 762 
763 1076 1076 851 851 816 738 474 525 607 881 881 423 
510 624 624 851 851 765 884 884 557 924 924 889 434 
935 935 624 513 501 765 884 884 671 924 924 889 615 
935 935 562 513 501 721 721 671 671 783 841 841 615 
491 562 562 422 436 559 559 481 481 461 343 492 492 

962 962 801 534 664 1187 1187 740 431 568 719 719 254 
962 962 801 534 664 1187 1187 740 753 753 719 719 417 
654 692 692 492 723 723 700 749 753 753 692 627 417 
1156 1156 840 840 723 723 700 749 749 1341 1341 916 448 
1156 1156 840 840 571 534 534 435 589 1341 1341 916 448 
492 428 502 502 991 991 911 911 574 1032 1032 561 326 
449 678 678 620 991 991 983 1122 1122 1032 1032 481 481 
428 678 678 620 798 983 983 1122 1122 801 801 481 481 
428 449 626 626 659 659 645 645 485 810 810 529 529 
828 595 626 626 659 659 790 790 473 810 810 655 529 
828 595 787 787 563 714 790 790 473 511 890 890 372 
452 399 787 787 563 714 714 374 352 464 890 890 307 
190 307 307 0 0 383 383 324 324 464 464 307 307 

672 751 751 1206 1206 1037 1037 755 755 1147 1147 858 636 
672 846 908 1206 1206 1002 1002 872 917 1147 1147 1052 513 
975 1327 1327 908 952 1002 1002 1211 1211 1159 1052 1052 921 
1242 1327 1327 781 1000 1000 1030 1211 1211 1479 1479 1313 1032 
1242 1242 699 678 1000 1126 1126 1030 1073 1479 1479 1313 1032 
1032 1032 699 686 1019 1126 1126 1212 1212 1073 1016 1016 978 
1032 1105 1105 720 1019 1019 863 1212 1212 947 947 978 978 
911 1105 1105 981 981 888 877 877 682 947 947 884 647 
911 939 939 981 981 904 904 877 588 877 884 884 647 
718 799 799 766 745 904 904 883 630 853 853 625 625 
1396 1396 799 745 623 824 1043 1043 964 890 890 883 625 
1396 1396 745 817 817 597 1043 1043 964 890 890 883 455 
580 686 686 817 817 462 462 305 265 259 497 497 356 

622 622 551 640 793 793 632 706 806 895 895 762 320 
666 666 675 675 793 793 698 832 951 951 895 893 320 
666 811 811 675 517 698 906 906 951 951 893 893 412 
642 811 901 901 713 727 931 931 754 754 734 734 721 
842 842 901 901 713 836 931 931 943 943 833 721 721 
842 842 782 658 658 836 899 899 943 943 833 697 413 
651 782 782 741 741 684 899 899 881 790 1023 1023 561 
651 651 492 741 741 684 684 881 881 790 1031 1031 561 
816 816 581 670 670 638 638 563 546 606 1031 1031 567 
816 816 675 591 591 735 735 563 546 606 617 617 567 
678 678 675 591 591 735 735 815 815 445 685 685 525 
678 678 556 541 541 767 767 815 815 445 685 685 108 
616 616 337 541 541 767 767 699 699 377 377 188 0 

780 780 634 532 1109 1109 586 779 779 774 774 489 321 
780 780 634 513 1109 1109 793 779 779 774 774 581 350 
751 751 1085 1085 778 859 859 764 1069 1069 792 792 350 
783 731 1085 1085 849 859 1045 1045 1069 1069 792 792 236 
862 862 720 629 1082 1082 1045 1045 939 1194 1194 887 236 
862 862 571 470 1082 1082 720 939 939 1194 1194 887 450 
708 841 841 608 608 495 1029 1029 818 951 951 877 571 
1003 1068 1068 906 906 1014 1029 1029 800 800 712 681 571 
1003 1068 1068 906 906 1014 1014 544 544 937 992 992 566 
690 774 774 715 601 905 905 741 582 937 992 992 494 
840 818 818 715 662 905 929 929 767 767 712 572 494 
840 818 818 485 662 662 929 929 767 767 712 632 155 
428 686 686 422 613 624 624 536 647 647 632 632 130 

544 631 631 373 329 554 814 814 517 517 487 224 224 
544 631 631 373 539 968 968 814 517 608 608 538 236 
446 704 716 716 670 968 968 661 352 608 608 538 384 
639 704 716 716 670 487 661 661 506 800 800 384 384 
639 639 351 745 745 487 642 642 506 800 800 178 152 
532 335 640 745 745 348 364 737 750 750 649 319 319 
532 276 640 640 269 767 767 737 750 750 649 319 319 
409 610 610 470 403 767 767 367 367 366 350 285 285 
503 610 610 643 643 432 432 361 361 350 350 375 375 
503 466 618 643 643 659 659 363 464 464 301 375 375 
529 564 618 618 491 659 659 439 464 464 301 288 288 
529 564 564 491 491 211 439 439 526 526 410 249 249 
188 0 0 0 39 211 211 304 526 526 410 227 48 

759 759 925 925 928 1020 1020 808 842 842 742 742 437 
878 934 934 925 928 1080 1080 822 885 955 955 921 921 
878 934 934 696 696 1080 1080 822 885 955 955 921 921 
662 938 938 1014 1014 855 983 983 935 1028 1028 651 633 
860 938 938 1014 1014 855 983 983 935 1182 1182 741 716 
860 860 806 806 906 906 868 868 767 1182 1182 909 716 
684 746 746 733 906 1092 1092 817 863 940 940 909 617 
684 684 678 733 795 1092 1092 845 863 940 940 603 603 
704 704 678 624 624 820 845 845 765 674 674 550 550 
754 754 782 782 758 758 706 706 573 626 626 594 545 
754 754 782 782 769 797 813 813 573 528 636 636 486 
597 597 672 769 769 797 813 813 684 281 636 636 448 
583 583 259 151 135 545 613 684 684 83 448 448 204 

952 952 943 943 1239 1239 816 816 595 567 567 372 284 
952 952 943 943 1239 1239 839 816 697 843 843 687 335 
564 777 777 921 921 869 839 720 1034 1034 843 716 400 
870 1073 1073 921 921 1048 1048 802 1034 1393 1393 716 491 
870 1073 1073 788 788 1048 1048 802 1022 1393 1393 696 491 
918 918 745 948 948 996 996 798 1022 1261 1261 612 381 
918 918 745 948 948 996 996 633 763 963 963 581 281 
668 668 718 738 903 919 919 574 763 763 877 877 566 
535 761 761 738 738 919 919 593 574 731 877 877 566 
708 761 761 482 653 752 752 636 636 755 771 771 49 
888 888 658 595 709 958 958 799 799 775 771 771 190 
888 888 658 716 716 958 958 799 799 775 639 639 190 
596 596 616 716 716 744 744 690 690 443 540 540 171 

399 541 710 710 526 664 821 821 670 670 372 372 236 
668 668 710 710 526 426 821 821 670 670 451 859 859 
668 668 614 656 656 504 656 656 819 996 996 859 859 
479 811 811 656 656 602 602 538 819 996 996 421 421 
438 811 811 610 845 849 849 538 590 590 491 491 421 
593 1136 1136 578 1054 1054 849 1026 1026 1020 1020 724 249 
593 1136 1136 578 1054 1054 708 1026 1026 1020 1020 737 554 
905 905 620 620 504 708 708 669 693 693 737 737 554 
905 905 812 620 449 382 669 669 649 700 700 467 418 
657 812 812 518 382 382 652 652 649 700 912 912 194 
472 521 521 518 487 834 834 652 598 492 912 912 120 
676 676 634 487 487 834 834 598 598 492 607 607 380 
676 676 634 108 148 204 204 209 209 183 242 380 380 

