00000001 00000010 00000101 00000011
00000001 00000101 00000010 00000001
00000101 00000101 00000011 00000101
00000101 00000001 00000010 00000010
00000001 00000010 00000011 00000101
00000010 00000001 00000001 00000011
00000011 00000011 00000100 00000001
00000100 00000010 00000010 00000010
00000100 00000101 00000011 00000101
00000101 00000010 00000100 00000010
00000011 00000001 00000101 00000001
00000001 00000010 00000001 00000100
00000011 00000001 00000011 00000001
00000011 00000010 00000011 00000001
00000010 00000011 00000010 00000010
00000010 00000001 00000101 00000001
