392 897 719 834 540 1049 924 424 621 -224 670 1244 643 
669 425 484 712 1092 944 853 616 1232 974 1076 650 326 
724 387 819 545 552 1156 135 344 77 753 1091 532 83 
576 300 506 327 972 1127 643 697 509 910 788 779 1027 
215 795 823 270 558 1327 406 519 617 809 562 682 826 
251 932 890 512 591 990 479 1035 671 1047 722 675 733 
481 1154 602 494 342 1141 615 1094 552 779 621 732 521 
708 508 1272 474 220 740 1039 913 493 298 1327 990 740 
958 323 814 65 451 1287 1107 967 968 1138 1087 1323 754 
721 828 385 550 93 1394 1301 568 900 1082 574 503 500 
428 993 819 426 768 450 728 315 1036 1032 1258 787 403 
339 955 852 818 767 283 1193 98 1144 697 1028 1789 955 
1194 950 964 429 892 619 740 1039 233 713 533 688 258 

1017 757 131 1226 843 1043 457 559 1067 944 903 621 1062 
891 1537 838 1231 1653 1354 875 702 1577 1033 1918 1323 1553 
921 1457 867 1122 1483 1536 1184 1353 1391 995 1653 1900 1058 
1098 1197 1861 534 1141 1402 1431 1209 1172 1133 1761 1837 1248 
790 1286 1479 1060 1392 1058 1142 1216 1809 1726 1406 1689 862 
294 1052 1315 1129 487 1120 1052 1511 1783 1597 2137 1431 1208 
613 1562 1633 1224 876 681 1532 946 1176 1349 1755 1711 500 
822 1466 1910 1495 914 1704 1318 1571 1947 1341 1093 1556 816 
574 1240 1531 1316 1077 1322 1529 1838 1049 1243 1159 1209 674 
517 1520 1500 845 1013 1327 1230 928 1539 1090 1091 864 989 
687 1660 797 1365 1043 1615 1278 1114 1501 1185 1749 1540 772 
862 1309 994 1213 1752 940 1523 1233 1417 1362 1346 1377 1176 
527 954 821 770 944 712 360 700 904 806 898 1054 603 

202 948 442 514 518 823 492 285 95 616 804 684 842 
646 720 541 950 919 1302 594 811 420 1113 777 921 1109 
697 766 691 588 891 372 771 1001 1195 352 972 568 693 
171 928 441 795 1052 1556 521 916 786 -263 1045 1535 822 
326 1295 1432 923 1187 390 856 546 419 680 676 958 606 
412 818 844 493 -178 542 373 927 570 314 536 645 468 
194 1357 1145 923 175 183 879 525 407 781 948 897 714 
840 513 1019 536 830 1139 728 1281 654 910 892 538 674 
225 595 455 584 412 796 733 1285 1220 952 526 898 272 
575 901 1107 1138 203 830 1087 1270 557 315 471 748 426 
351 800 729 621 250 826 1668 579 787 625 886 500 991 
778 1032 698 214 1264 1394 140 731 236 990 773 1230 590 
491 342 942 745 964 401 300 481 384 611 990 921 422 

412 931 251 920 996 424 559 -32 251 457 885 996 390 
662 1241 892 1385 1642 638 1081 1027 1029 719 921 1295 1332 
541 373 1168 1471 1094 1053 1246 1023 1047 1136 946 1239 637 
328 925 1636 725 844 520 1238 971 1134 1624 1219 1120 305 
758 1455 755 1171 1258 1211 860 855 1335 833 1244 1536 457 
165 1798 947 687 1386 823 942 1455 781 947 1301 1512 210 
392 984 911 805 1037 962 1243 1488 1248 1496 1340 1170 446 
476 777 1090 1181 1396 1168 1293 1366 813 1195 1007 810 868 
397 721 821 639 483 989 1964 1427 1091 1184 1222 1468 761 
643 1446 425 632 680 929 1241 1057 1116 262 1433 924 814 
572 1738 841 891 1766 1405 1563 661 1222 1311 886 909 1036 
587 1300 1194 696 921 827 802 953 1877 1843 1269 1175 210 
504 1013 1265 437 1067 677 466 1236 80 780 910 833 246 

476 448 1070 949 1202 689 709 486 919 538 275 788 427 
729 1837 1096 1863 655 965 1174 1006 1531 1040 1010 1063 689 
1376 1306 1325 864 1370 1057 1033 651 1041 817 766 1432 1198 
968 1317 831 1007 909 1767 1612 1772 1378 1699 1484 1462 900 
1002 1116 728 1888 1500 1422 1965 1018 1327 1025 1255 1200 998 
1028 899 1041 1673 1394 993 850 498 1472 1478 1291 1412 720 
729 1915 1412 1604 1262 1574 876 513 1726 1251 1538 785 510 
859 1504 1186 808 715 875 1326 769 1084 869 814 1699 1129 
508 868 888 1302 1531 1545 1062 1683 888 975 1415 1127 1001 
627 1228 1314 1311 834 1546 1655 1141 1030 851 1076 559 1390 
378 1037 1182 1874 1539 1248 2082 1397 1801 898 692 790 633 
79 527 1398 1075 800 304 1208 1222 306 1173 1063 1107 817 
819 802 1187 388 1098 439 660 631 561 951 854 1309 748 

206 429 426 910 1561 837 567 556 1023 313 512 696 685 
883 1249 696 629 1205 1553 1325 797 1073 1073 852 1723 797 
1024 918 1613 1044 1239 1043 1177 864 1367 1031 1684 1378 972 
720 728 784 551 633 1561 1146 1886 1379 1313 1738 1869 435 
482 821 551 1765 754 1738 1009 1325 957 1427 1518 920 1386 
295 123 865 1728 1313 1600 1273 1426 1427 888 1201 1508 823 
638 1002 1314 698 1189 1254 954 1815 1176 1385 550 656 1141 
755 1741 1712 533 466 1414 1227 822 1250 833 1276 848 734 
400 1288 1363 710 874 1620 1692 1641 1458 1871 732 528 984 
805 1470 910 1091 880 627 570 2208 947 571 1177 251 1013 
1024 1350 1324 1699 1314 1360 1802 1186 1478 1453 976 1441 1004 
732 1405 2021 1119 1165 547 1177 849 1082 1079 1064 1246 640 
546 739 343 638 842 723 758 569 547 1010 105 955 827 

460 373 434 507 551 623 216 458 464 383 -82 359 115 
804 860 551 1125 914 1613 632 763 984 1389 1040 787 502 
622 1259 1262 1722 390 496 1058 592 1280 1317 1240 1270 807 
935 962 341 1490 1032 1341 1491 1001 679 1508 676 1000 960 
926 619 1030 661 1315 1253 2042 923 1727 1068 1262 1080 453 
890 1411 619 1253 855 1153 1488 1030 1145 612 1337 1487 -114 
435 1162 1060 952 602 775 1277 711 1657 638 1038 573 503 
741 1228 1041 1484 256 860 951 595 1442 1096 1386 999 62 
377 1239 1078 691 582 1442 1273 1345 1610 1420 809 1140 225 
880 465 466 1028 898 1633 1708 796 1442 1456 938 806 408 
727 1569 1407 842 1037 867 1300 1049 1419 1206 823 1186 907 
1232 1405 621 834 1359 991 841 539 1029 609 616 569 398 
550 1011 1271 831 1357 1121 1132 1264 937 905 1529 1030 295 

308 718 384 632 790 733 505 419 698 728 689 723 294 
1323 1605 1191 1005 1137 753 1168 1118 1268 864 1187 1582 1252 
630 904 1120 1414 1329 690 1128 1552 1351 1261 1197 1032 846 
895 1447 390 893 1012 825 1379 993 1257 1301 1357 1717 346 
572 1150 794 1798 1324 332 1312 1303 909 1127 1404 1275 582 
249 1473 382 1508 904 1393 1158 1116 1042 527 1221 1128 797 
783 709 884 958 1042 1017 911 1222 1143 1570 801 506 851 
935 946 646 1135 1013 1640 607 795 402 1076 778 1346 400 
887 554 987 1129 859 1258 1496 946 1324 677 1397 999 671 
533 1203 983 476 794 991 1067 1354 1287 1585 1296 722 1194 
597 1266 1229 1150 1725 1159 808 1112 1567 1015 1626 1567 1290 
816 1479 1435 1235 975 305 1137 1102 1594 695 1905 1387 559 
483 196 479 665 241 546 625 343 508 1222 1160 1180 379 

301 990 654 1288 1058 580 838 542 1123 779 651 1041 707 
329 387 723 429 444 691 858 418 946 1281 728 1023 735 
366 638 1110 1230 413 851 505 658 395 1852 575 942 943 
433 1001 886 655 575 815 1055 1285 915 968 1712 899 326 
838 932 460 994 521 1022 1342 1324 544 644 737 676 541 
146 1258 724 1080 991 790 1319 729 650 904 787 962 120 
402 973 697 1496 1172 1341 929 1022 578 896 676 673 733 
457 882 716 56 129 621 808 1228 1054 466 166 1034 1023 
460 1117 423 673 647 1069 1693 606 984 915 1379 785 751 
319 1122 1211 305 699 668 1306 795 1178 542 852 798 677 
346 422 559 630 724 1043 1285 1063 510 1071 1121 803 492 
211 849 1107 1120 1080 -139 920 1334 603 578 1261 1018 545 
731 624 695 272 1006 477 -6 213 519 865 -58 446 335 

371 848 572 543 65 122 163 281 1028 305 324 834 634 
503 1552 780 1151 614 984 370 597 1159 867 632 1178 847 
436 855 1086 360 545 527 947 637 858 518 1323 1149 650 
807 599 980 1213 1498 912 856 1363 760 666 1836 1292 642 
520 778 471 1821 500 1354 1110 959 1093 664 1275 950 661 
385 239 155 653 991 785 669 640 820 1194 1164 1250 837 
1388 803 782 764 1222 1275 781 822 1121 806 1488 735 765 
1251 734 517 946 874 1472 1334 880 1316 822 952 658 966 
412 1792 591 1161 1269 652 695 1148 749 1466 690 1395 999 
649 1453 550 765 884 796 1018 775 1048 552 1106 1101 1024 
340 1124 956 886 1161 860 1159 1405 1167 847 1250 1306 674 
666 1209 836 988 864 204 642 1009 1067 1615 196 882 919 
326 859 1101 584 796 601 552 587 726 713 673 765 832 

430 511 688 77 403 603 586 804 640 630 788 571 175 
236 1097 772 1324 748 525 259 695 461 357 675 1370 469 
339 723 279 396 660 773 342 247 1823 1317 284 722 977 
107 275 991 792 1163 1080 631 334 441 764 1250 1213 463 
193 739 738 373 470 721 663 396 1197 704 900 613 412 
2 905 759 773 832 773 1027 354 733 602 817 493 -112 
239 913 978 1202 1172 489 691 536 667 1277 1104 832 453 
664 497 335 906 731 561 957 385 1433 537 542 564 305 
740 935 978 570 1320 933 982 792 1045 962 430 1317 50 
48 578 1389 588 424 619 755 496 790 860 419 193 300 
232 726 587 521 996 969 1170 724 1424 1104 349 440 285 
415 494 962 488 861 329 230 1265 441 871 1098 557 534 
141 222 682 784 480 622 801 841 751 420 842 1040 691 

48 449 678 545 530 707 664 -27 119 357 189 86 135 
686 913 -161 48 802 1164 564 872 508 548 798 1034 230 
958 758 393 629 1221 1000 1182 553 480 823 1111 1080 757 
-332 1129 511 1227 614 1277 991 1189 936 917 1290 1140 740 
605 261 1319 721 115 1223 560 633 1148 1247 555 988 363 
616 594 1411 592 650 918 534 1164 949 800 901 948 698 
410 554 1214 1272 656 728 723 751 958 715 176 1568 282 
287 224 682 623 773 1017 652 1153 857 714 1056 263 537 
678 532 317 813 84 837 861 885 994 1080 660 1076 375 
546 1189 761 789 1396 843 1357 1325 654 765 1393 1588 433 
776 507 1136 668 1364 643 805 1503 674 870 1186 1058 135 
783 1204 660 1301 541 1081 575 652 567 645 772 496 365 
504 388 1108 25 151 701 779 95 292 654 767 658 328 

-1 426 861 570 310 521 624 477 483 663 386 686 398 
1027 1194 865 429 1117 1140 724 507 488 1191 809 639 591 
312 175 1072 1434 893 1307 1141 759 964 450 465 1237 723 
770 1076 606 1012 487 1429 952 675 319 735 1164 1132 784 
773 578 1323 686 423 542 1194 437 307 943 365 1017 624 
304 331 457 595 189 606 831 747 732 681 643 1004 472 
605 1232 839 836 907 515 560 413 638 989 968 643 80 
741 745 840 759 1083 964 251 1220 1252 1191 1274 852 884 
307 690 466 949 622 724 839 1147 1223 1178 459 714 541 
209 163 1457 446 197 457 1519 656 957 783 679 895 781 
311 1160 1312 1337 563 1253 920 1058 619 881 1454 741 590 
636 1042 617 523 1376 565 1165 780 652 1013 632 882 1019 
624 217 703 611 1174 667 -236 457 918 688 449 952 542 

416 47 501 266 642 520 522 260 738 526 392 508 589 
961 925 747 1742 1117 992 950 111 772 561 1178 1188 596 
557 1160 543 1308 1159 1005 830 757 1335 544 1280 896 836 
565 743 421 624 154 371 791 823 830 1148 1473 1053 414 
751 482 877 589 1363 516 694 729 361 1098 1753 1149 679 
823 670 556 863 1456 409 1096 1015 1345 1016 683 292 753 
781 1557 509 1031 963 848 861 521 1472 921 1587 519 273 
857 908 567 648 761 686 1264 686 1138 952 892 633 840 
709 653 746 862 875 788 1316 1298 1049 690 592 562 238 
979 532 757 497 662 1501 1634 891 1153 970 837 1087 900 
787 691 894 1374 1168 1207 1113 901 1300 1013 1754 970 466 
1050 958 757 496 745 943 800 1271 1339 981 1286 876 501 
786 1021 719 514 730 24 404 641 706 307 703 560 304 

646 87 724 613 1159 552 967 831 583 687 582 314 354 
1279 1206 949 1022 1338 1234 679 839 558 1338 873 1134 703 
1346 468 843 736 1131 788 1554 960 1039 1971 1574 1567 972 
731 1013 679 1659 308 1948 1345 1317 679 1544 1556 1113 668 
983 1335 1224 1239 1112 1281 1543 1435 824 1350 1297 1174 875 
1122 1146 1018 1385 942 1612 1379 1134 1776 788 890 450 468 
769 1217 1105 1208 767 723 1313 989 828 1289 924 1085 708 
585 1223 342 990 1382 1249 1423 1021 877 769 1160 1271 600 
862 1406 926 1182 741 1600 1380 1448 1193 1664 1327 1447 784 
626 1147 1318 472 1324 746 1261 1946 992 1469 1423 1352 699 
1125 714 1416 1066 519 1560 1580 1153 1582 2097 1477 1497 104 
1318 974 1051 1271 487 1171 826 1035 818 1020 1219 355 107 
442 554 744 1073 721 541 383 918 962 539 995 494 417 

471 549 796 786 655 429 -193 41 566 910 569 814 514 
469 1139 382 1008 1067 765 571 339 -84 731 1227 825 1116 
453 843 325 845 1205 933 627 361 764 346 1199 1324 522 
651 340 132 744 1088 1037 862 538 688 1395 881 969 434 
664 901 1100 565 1198 687 1114 426 237 1488 1092 894 158 
591 1108 295 271 260 845 529 425 912 1272 671 992 529 
800 1369 523 466 1193 494 722 397 669 805 912 21 497 
717 929 724 566 1279 1177 829 1117 761 643 1033 1052 316 
418 784 1151 215 545 997 1257 920 625 789 792 628 1019 
613 861 1134 1025 736 537 1278 1044 569 521 964 646 124 
674 361 1010 854 702 716 702 981 911 861 1060 603 512 
644 1286 439 992 765 835 1285 383 1247 979 626 648 555 
598 632 643 636 603 584 280 442 281 862 783 496 188 

420 847 801 1263 637 814 385 676 510 1050 737 619 423 
1075 1302 1001 1229 1163 800 1332 862 998 451 1505 1705 1142 
806 902 1030 1175 926 986 844 1076 1044 1381 1584 1444 349 
1132 603 1193 694 743 1585 1198 1087 578 1306 1076 794 732 
841 1019 1368 524 1285 1321 996 1338 1080 1085 1055 1102 807 
558 1349 964 814 1331 1171 1119 1245 1087 1714 1126 946 889 
741 1073 1372 1234 1265 1294 1002 1066 480 1319 1080 691 848 
777 923 971 1037 1427 460 1488 1017 950 1066 979 1541 1239 
840 1330 1233 421 1093 1101 884 1044 1160 952 1276 1459 891 
1303 1030 1401 634 611 859 1426 1349 508 1252 878 755 1163 
954 1012 2193 818 1546 1129 1250 1249 1144 1227 1340 936 470 
870 947 1037 1123 750 1445 1188 1255 1311 1149 1368 865 550 
247 388 1113 507 1110 775 503 695 567 832 860 870 878 

483 1138 682 569 1516 860 670 769 1105 530 677 654 690 
697 1272 672 723 1236 1425 410 1148 1191 1625 1923 1410 693 
672 1439 1176 1260 1372 1333 901 912 1696 1577 1776 2225 1176 
997 1690 1684 928 1372 1191 742 1061 1580 1040 1579 1241 887 
92 1239 1029 809 1633 1175 969 1817 1744 1544 1498 1393 978 
799 1335 924 158 1445 1294 1311 1263 1611 1097 1261 2091 839 
940 1747 1411 878 988 1272 1466 1639 1480 1243 2214 1214 1047 
206 1380 1115 880 985 1294 1722 1373 1951 1465 1308 1005 686 
1189 1042 1468 1017 1238 1263 914 1240 1449 1242 615 1345 1193 
1157 1362 973 615 1390 1462 1262 1025 1104 1148 993 1804 343 
892 1093 1473 1545 975 1058 1547 1240 1284 1160 980 1502 102 
1121 712 945 805 916 1090 1030 1334 1488 949 1464 1742 1268 
775 911 800 663 870 787 730 1063 312 789 215 909 600 

-56 218 344 241 175 383 -58 392 671 132 131 736 -147 
766 622 799 744 897 734 504 452 816 1097 257 320 1002 
916 607 837 1039 991 302 281 1302 468 1232 876 849 602 
839 574 481 1045 586 1488 878 430 525 1081 1161 1187 221 
460 1151 819 996 945 853 762 1122 801 535 1101 547 860 
81 580 896 494 651 812 563 928 677 376 614 838 528 
534 446 723 721 371 990 337 803 1377 849 1161 680 724 
679 1164 765 688 897 1257 952 704 906 766 446 516 146 
236 804 353 904 815 611 1328 349 722 1381 613 559 583 
718 770 1053 1073 225 1030 862 651 935 541 496 1154 690 
-29 1241 794 898 982 376 770 1044 545 669 1131 155 508 
826 927 958 858 994 871 37 259 653 737 555 1750 592 
585 422 719 678 1228 476 360 710 705 333 795 923 647 

52 92 109 498 713 510 205 233 414 511 281 197 582 
199 547 149 778 305 703 706 559 528 391 762 1186 449 
278 752 996 709 419 1121 1017 -306 1483 753 886 1228 318 
691 535 495 596 1009 990 878 314 1026 474 857 1070 374 
478 1160 342 852 479 232 1380 518 1437 1264 664 876 508 
282 1041 363 769 511 742 686 566 803 794 1051 296 559 
101 1238 667 106 664 967 1130 1103 634 1522 786 1311 1134 
440 1266 876 376 671 595 1078 464 1495 1119 1186 1105 645 
758 953 501 688 48 677 609 310 1029 736 903 297 878 
663 673 604 158 753 519 1181 1142 1021 853 788 518 1299 
625 980 106 423 627 334 613 450 1166 994 1084 811 470 
803 1543 288 528 1041 368 378 1012 778 236 1048 469 840 
351 549 795 506 831 374 305 588 926 871 728 825 764 

325 874 698 677 752 1107 603 438 1169 1063 1054 663 787 
1132 1530 1343 1762 1158 1264 966 607 971 1305 1887 1718 989 
841 1431 1711 1415 1140 1256 1406 545 1456 613 2392 1826 491 
1191 1143 752 1260 1482 1882 1830 1061 1905 1881 1358 1380 919 
755 1224 1423 967 1188 1110 1792 1710 2092 1286 1912 1806 1038 
671 1996 1484 928 1230 1372 1685 1259 1418 1585 1634 1108 1203 
1050 1843 1170 565 1630 1296 1406 930 1786 1627 1365 1468 903 
1078 1922 1458 1623 1067 966 2481 770 1663 1414 1390 1106 774 
914 1599 1586 921 1091 1311 1594 1787 1191 1486 1715 1661 768 
996 1338 807 1055 813 1976 2024 1838 1713 1261 1410 1385 1070 
911 1253 1027 1126 1651 1413 1590 1290 1251 1341 1675 1477 829 
905 2100 1817 1189 1027 1505 1087 1389 1007 1193 491 1111 1239 
946 1264 877 858 1304 949 565 663 1529 1010 947 1098 731 

257 464 365 891 1243 617 506 730 462 722 936 761 822 
739 666 804 1255 1603 1327 1023 1093 1220 1698 1299 1501 806 
951 1178 1546 1330 1084 1111 1417 764 1191 1129 1864 1687 801 
1329 1213 821 791 1328 1566 1361 1048 1437 1112 1009 1484 609 
768 1473 625 913 1914 1100 1693 1501 1396 1287 1668 1669 882 
1280 1313 975 923 937 1951 1129 726 622 1072 1442 943 245 
607 1578 1478 1244 906 1047 1054 1256 1520 1175 1352 1044 1297 
794 1510 1630 870 1277 949 1236 1359 1074 839 1054 1369 782 
911 1297 1346 337 817 925 1112 1059 1561 1243 964 1021 838 
992 830 1211 934 852 1305 1025 1555 1552 1122 987 797 482 
492 865 1551 1418 881 955 1133 914 980 1192 949 870 522 
734 1735 1759 1358 1157 1176 946 1406 883 1219 1554 680 938 
941 999 1511 714 1256 771 846 327 1083 942 972 829 334 

521 540 828 843 1336 392 557 992 690 482 1286 1201 764 
1133 989 986 1450 1505 1500 556 1285 994 1238 1059 1314 730 
1208 1039 816 1182 561 1118 1970 611 1049 1458 1456 1092 198 
1444 1177 1069 1294 1150 1105 1355 979 1428 1516 1373 1629 887 
654 1119 1013 905 1350 849 1553 1477 1387 964 1397 1053 672 
654 256 1095 823 1233 1057 1144 1435 1953 1216 1732 956 911 
944 919 1117 1016 1039 1218 1173 1260 1900 1285 1452 633 184 
588 1307 1051 975 925 759 1072 833 1004 1578 1047 1353 689 
1105 1065 1625 631 1493 935 1337 1157 1073 1360 1406 937 880 
1041 894 276 861 992 1282 512 713 1272 979 1781 1078 215 
610 1237 1672 970 1569 1442 1118 1320 1493 1712 1564 1428 780 
1390 862 1834 1125 687 602 1293 1219 1595 1791 1476 1422 490 
801 1100 493 997 589 555 529 488 771 714 345 564 255 

31 662 728 716 908 607 350 310 840 1172 863 528 126 
113 807 783 1635 536 711 470 650 869 716 1532 1214 767 
574 1330 1438 982 1078 999 1179 420 1440 843 1642 620 920 
472 1122 604 957 1163 1094 1517 1000 1281 1383 1438 1471 378 
330 1420 850 837 902 1128 1329 1299 1270 1078 1257 1170 217 
1003 1205 870 989 957 1353 946 613 943 1536 1252 1408 316 
856 748 1278 1195 557 983 1540 1140 1554 1056 959 906 442 
553 1285 1223 848 826 425 1120 1475 702 1183 1074 846 413 
1178 752 1519 721 1691 1306 1185 490 625 1130 1145 1097 680 
543 1084 803 931 816 1467 1298 1195 1047 1096 777 1197 348 
796 240 884 958 1854 620 1291 969 1140 1163 589 1704 601 
1100 1436 826 1171 655 722 480 1055 829 744 1709 654 430 
770 971 895 758 827 538 431 362 1065 1047 497 297 100 

438 941 959 498 658 954 795 568 434 502 399 616 883 
415 1773 637 1193 929 1681 1108 1207 721 986 1440 1213 782 
1026 1058 1252 732 1870 1621 1353 772 789 958 1977 1782 1125 
1066 1028 799 716 1345 1362 1440 1774 1488 1356 1553 2086 773 
96 1477 1074 974 1169 1485 658 1098 2049 1184 1407 1681 466 
1061 1031 1047 932 1306 1043 802 840 1731 1188 1490 1499 643 
932 1166 1669 578 882 1126 779 1033 1680 771 1423 1176 955 
978 1659 800 887 325 1292 919 1140 1109 825 1319 1422 539 
654 1393 1450 455 1224 1316 1340 1959 1451 1069 1159 1081 1019 
698 1409 927 1128 890 465 1229 1643 1103 1449 1161 1460 973 
859 1617 1081 1479 1110 861 1578 1664 1608 881 1215 2166 918 
935 1599 1339 1123 1260 1386 768 1405 1145 1348 1175 1012 988 
473 1328 583 882 831 1005 1022 586 707 1037 801 1256 724 

698 952 674 903 979 1429 660 213 767 1105 904 815 516 
867 979 422 814 1297 1424 890 693 424 1278 2223 1552 827 
936 1226 1138 1355 1966 1500 1126 1005 1515 691 1509 1403 1323 
218 1546 937 1302 1063 1948 973 811 1394 1240 978 1484 1127 
1001 1338 1450 896 756 1836 1168 993 1603 781 1356 1552 821 
1540 1194 1126 1160 776 1509 1132 771 539 487 916 1038 927 
1102 1489 980 871 1270 825 1138 999 1160 791 1206 713 511 
598 1057 844 1456 1029 1272 1486 857 1373 1155 1290 1249 916 
648 1505 1339 812 1240 752 1503 1632 1073 1093 283 1442 612 
879 1069 1135 779 617 1176 976 1822 759 1103 1054 368 423 
1099 1038 1043 1308 833 929 1292 1280 1120 1231 845 1401 663 
666 1478 750 1378 1072 1584 724 812 1312 1089 1114 1457 892 
658 1566 554 1200 814 180 604 647 650 1242 1207 823 280 

496 706 1198 490 904 707 629 453 1017 980 1021 1028 907 
540 1505 1105 1876 980 1079 877 596 657 771 658 1583 559 
739 1033 1431 1050 1299 854 2146 783 794 959 1389 834 1037 
671 1667 824 1542 957 1924 1376 1543 1026 1044 1187 1712 702 
372 1367 1497 1209 1350 459 1241 1055 629 777 838 944 344 
217 1352 256 1417 528 1259 544 1203 929 1736 988 1202 678 
1022 1412 754 956 1049 1314 1243 882 1688 1183 1420 381 688 
1183 1110 817 1037 712 1406 978 1165 1479 1917 1318 921 1092 
519 1243 1088 1233 950 1828 2128 1040 1581 1063 1227 1302 1231 
748 757 761 1365 343 751 1256 685 746 738 1434 1174 859 
218 1172 1154 1221 1941 486 1778 1501 1345 1506 1654 1864 862 
1070 1437 1154 1188 1278 1090 593 1147 1358 1601 1087 2013 806 
427 758 1130 765 1021 779 1043 818 843 882 755 897 23 

987 675 822 440 906 635 618 1043 472 735 685 957 285 
571 600 1339 1117 1599 912 1007 587 673 548 695 1203 484 
797 1180 150 631 1053 787 807 593 777 677 1377 1212 602 
563 1084 262 737 745 503 1023 1237 771 1149 875 1014 994 
1454 660 469 619 336 1048 642 1120 1311 854 1019 446 616 
709 1262 566 964 1203 703 816 1488 1051 1170 1095 1178 765 
916 1401 1219 629 1248 1205 1037 979 1016 763 656 1516 143 
588 905 700 389 1002 870 1220 487 898 632 977 634 783 
752 677 494 -25 1194 1171 1099 1289 885 719 1011 1129 640 
722 622 773 469 876 1543 1228 698 733 628 265 955 702 
902 746 1006 1279 802 374 1677 949 565 692 1426 925 638 
837 1105 734 1403 1092 681 1072 675 1000 1793 963 874 235 
382 681 741 504 305 720 484 364 454 905 749 562 131 

345 998 492 661 757 911 345 647 668 562 521 655 435 
554 846 225 1282 765 712 969 461 499 1191 1199 710 852 
669 1153 1179 1029 1174 604 1077 1032 1445 1271 1321 1299 1305 
554 700 654 286 1305 1317 1068 725 1175 702 1005 1358 909 
726 631 1073 581 800 793 843 1051 1020 1517 1301 1413 347 
556 672 957 1295 1278 278 801 723 921 1212 976 1408 983 
182 810 1088 555 1033 733 774 878 767 893 1403 454 1487 
536 768 210 432 885 1347 952 1564 1182 1462 1163 1331 737 
634 792 744 841 1092 1085 1377 573 1471 1670 1327 1098 760 
11 819 1258 1189 138 842 1435 869 1469 832 703 816 1315 
632 982 996 608 261 1255 1309 1229 1200 1638 1285 884 745 
782 1273 1189 802 1502 1237 667 652 1106 746 1140 955 874 
466 586 550 896 723 853 856 587 661 689 1239 782 518 

262 738 297 476 971 1115 1024 616 580 434 729 965 508 
849 843 655 1275 1477 1678 1208 1101 920 813 1130 1544 674 
1137 1173 1316 1595 1261 1399 1785 1088 891 1201 1543 1884 1004 
716 1556 1318 1159 772 1640 1248 967 1337 822 1698 1230 1069 
991 1081 884 1504 1174 664 1952 1565 647 1338 1092 1749 892 
955 767 1211 898 592 733 1571 1113 1712 926 2024 1336 702 
890 1457 845 1632 1472 1267 457 1235 784 1202 1301 794 913 
725 973 1088 705 1770 878 1446 1227 1679 2182 497 1423 1268 
526 1435 1150 786 875 1058 1424 1222 1382 1285 1279 1047 565 
912 963 1387 677 772 1506 1298 1859 739 1437 1069 1101 1329 
1091 1389 960 1300 632 849 1130 1392 1272 1243 1615 986 1029 
1327 1328 1630 1110 1579 975 1586 1447 1113 1191 1312 1847 666 
1132 1483 1725 1046 1045 842 909 671 1086 1399 1417 1216 497 

528 1046 809 1513 1246 1248 978 566 489 963 836 877 1326 
421 1046 446 659 921 1165 1558 777 507 1666 680 1003 974 
848 1024 1152 514 1514 1055 1333 570 882 915 1403 1626 459 
1009 1038 688 1095 1286 1191 1356 1003 1370 953 1539 1262 800 
626 1426 1051 858 643 1471 1590 1285 1543 659 1307 1107 228 
909 1161 1348 1445 880 609 1132 742 891 1004 1287 559 814 
692 1412 947 733 938 1146 1230 1117 1365 956 397 1225 827 
530 1144 1015 762 783 836 222 1000 1525 1055 1271 1227 440 
626 1207 930 871 492 1025 932 1356 951 1542 1213 986 668 
966 859 626 1410 1132 824 1113 1373 1421 1509 1114 627 304 
999 888 1213 655 691 383 1265 1421 1172 793 1280 1211 240 
426 963 969 489 1321 947 984 1388 841 1225 1719 857 617 
939 436 933 290 1021 750 492 558 756 478 917 712 197 

466 401 568 832 147 160 180 507 250 101 442 850 636 
650 780 1029 964 746 836 955 146 1357 261 655 1284 720 
260 1073 1294 1042 609 934 759 491 896 734 1389 1234 796 
471 1324 702 1263 530 1542 794 963 1092 799 1595 595 531 
1139 284 1373 695 1219 762 916 555 838 1140 476 330 1001 
-49 1230 696 1267 857 267 552 947 991 652 215 666 1008 
838 798 453 461 918 620 700 766 1609 1137 -90 1343 503 
546 788 527 433 507 886 594 412 1009 1090 749 768 623 
-9 893 760 865 570 874 1654 877 1014 409 1027 676 284 
900 457 988 795 1329 1237 775 833 331 559 544 898 460 
267 1381 855 1028 1447 875 557 357 349 982 744 768 885 
305 1050 989 915 835 729 354 438 1174 728 886 966 413 
543 521 744 827 601 318 897 818 1054 748 918 697 453 

436 879 936 999 648 -46 820 576 881 621 871 1319 339 
840 1214 657 1170 1379 1259 541 908 886 1135 1625 992 961 
1235 412 809 819 871 921 988 1337 973 1429 593 2066 421 
821 825 1179 1196 975 1007 1423 1041 1111 1401 1344 1280 -46 
539 933 586 1169 551 1362 956 1295 1106 1599 758 1145 313 
570 941 870 1220 1062 1102 1121 981 791 1205 1565 669 520 
798 1281 921 791 960 1628 850 1481 784 1781 1206 1127 481 
1028 1089 1267 93 1285 889 1128 986 1224 1114 805 1303 527 
614 946 1594 905 521 648 1479 1275 891 1054 1219 812 1040 
652 1249 1333 940 1150 550 1328 790 1007 580 1131 831 679 
1043 755 1432 1012 1406 968 1017 1887 1091 1203 1254 617 524 
1081 885 1280 701 1191 451 798 1608 1130 1261 1589 788 564 
574 405 1116 608 765 725 705 403 555 947 696 1181 581 

521 795 330 795 690 393 582 626 646 942 931 670 550 
310 783 642 513 1500 785 851 607 929 743 866 898 422 
1144 1117 1259 837 963 1292 573 877 1125 1149 1022 1029 389 
873 1200 1093 846 1130 941 715 606 1018 504 1115 1752 932 
918 702 703 440 181 1100 1003 1063 578 979 1192 1433 1040 
11 1067 529 949 762 1134 1042 839 819 1162 1291 1047 1108 
1043 464 1039 328 924 855 795 841 853 1279 1240 1637 706 
538 1331 760 987 824 1000 966 1711 1321 1023 984 895 627 
833 1178 969 552 792 826 665 1047 1197 653 1104 937 696 
467 1338 1594 643 1251 1627 1182 900 964 689 376 1231 685 
577 999 637 1177 1103 1314 892 954 351 858 1438 797 534 
941 1071 1438 1405 1477 546 925 580 1318 770 1300 1530 607 
733 380 1096 593 613 347 565 600 447 912 635 580 631 

317 712 645 474 701 578 269 782 401 328 385 883 465 
989 456 962 827 791 1151 671 598 708 1379 583 1254 966 
831 992 1161 1083 898 1151 854 593 865 1415 1888 1253 874 
890 1589 756 685 250 1319 1169 638 1203 797 1075 1253 717 
277 1122 1103 1166 1143 1905 665 911 541 985 82 1146 1055 
192 762 1226 518 815 985 676 790 1030 1145 564 1040 520 
1336 929 1021 652 614 1237 1007 420 427 1230 1094 786 687 
591 1346 921 701 523 896 1698 713 738 1259 543 1650 774 
887 527 1001 1007 391 1102 705 1203 963 1194 790 860 52 
913 710 1258 884 1853 1108 1037 799 961 1120 698 1563 874 
73 1128 1253 975 613 1208 1216 452 709 1206 1273 1403 717 
1209 879 1175 1145 392 1147 1067 1095 1116 1082 1074 623 510 
755 605 691 444 1237 737 344 965 852 750 1340 1114 748 

224 940 677 587 957 589 809 1020 774 568 1013 694 465 
566 1287 1058 354 545 1258 942 866 1246 808 670 1774 731 
604 953 1336 1500 1205 1029 1150 701 956 1009 1020 979 707 
872 891 990 1309 131 1508 1305 842 1115 1086 654 1208 572 
533 1101 540 1046 850 839 1561 794 852 1236 1014 1439 888 
340 669 968 1107 1228 1147 1029 922 1232 1162 813 1165 375 
824 676 1134 1608 823 606 1059 962 1413 1091 424 612 547 
759 1131 936 755 763 718 990 539 748 1244 618 1131 749 
745 593 1404 292 553 1783 1255 731 1095 1441 692 906 642 
623 1110 1126 335 281 450 932 1151 812 1450 1286 649 404 
151 1263 1096 1009 823 926 1155 881 929 812 931 768 860 
569 1176 1160 1042 825 864 975 1301 1117 847 1480 1488 812 
314 863 537 711 576 644 351 357 921 299 727 953 622 

637 536 617 679 696 407 253 510 704 293 703 738 234 
1080 531 901 1105 901 1360 652 758 722 1226 1430 985 662 
1309 1002 833 1690 763 838 461 1220 443 641 770 1140 956 
990 391 1262 1266 396 615 940 872 482 527 1072 1071 806 
603 328 820 637 776 833 653 1198 734 693 847 956 736 
498 564 481 266 850 660 874 1044 1115 258 676 834 396 
796 1219 745 482 812 828 723 787 1232 1073 881 253 198 
570 1183 1163 718 310 856 849 1512 1150 796 581 523 1145 
304 1299 906 650 711 697 1335 1439 817 1399 616 761 551 
797 1020 1052 430 652 1068 1060 948 1258 466 551 1190 120 
480 892 915 847 900 1078 769 746 435 1323 941 470 885 
907 609 928 298 1046 739 457 842 1313 685 1048 1092 782 
986 701 507 911 806 203 107 598 633 388 951 507 267 

327 375 411 229 802 802 507 645 930 856 584 675 612 
940 940 946 842 1043 701 1163 849 1129 1256 2040 1083 640 
1078 1192 739 1416 1179 1464 761 1040 1477 1217 1119 1094 633 
502 1404 726 660 909 454 835 997 746 1252 1007 986 550 
467 236 715 983 1120 1157 1329 1221 1132 1490 1208 1509 629 
823 654 772 1077 976 542 1262 831 822 1230 900 748 673 
440 1031 850 881 1234 819 512 1120 1069 567 758 1463 377 
636 915 1246 849 838 1180 918 1174 1343 309 765 693 608 
957 1260 372 892 1093 1064 1260 1286 854 940 1074 789 917 
510 1093 1008 428 552 557 1519 1265 1011 1148 786 1241 1133 
1066 1513 116 1087 423 572 1391 942 1107 877 894 692 584 
518 1166 565 1482 1286 1219 1518 1167 1249 951 778 1085 789 
790 1035 1247 743 885 791 824 711 217 973 611 1151 294 

85 897 928 1113 608 635 670 911 667 729 952 642 857 
1058 958 819 893 1407 987 872 -186 731 1633 1058 1645 688 
680 1517 1219 1150 1330 1140 826 1113 1378 1000 1602 1437 732 
531 868 642 1427 968 1197 1291 1792 740 869 937 989 1024 
599 728 1567 1036 735 768 1855 1316 1251 652 862 1574 424 
223 1255 505 1561 528 869 1098 1035 555 987 1123 924 604 
519 1092 740 1220 1371 401 1173 883 1182 331 717 798 945 
790 704 756 985 809 615 835 849 1538 1080 1029 1252 757 
829 1007 1073 720 1717 623 1804 1391 1727 1446 509 1086 1118 
1021 181 1002 1208 1046 1086 1508 1426 1031 1189 591 1609 461 
962 200 1185 1100 827 862 1355 994 1063 860 1022 821 731 
773 1433 859 1114 1075 895 1083 1275 606 1250 1229 562 1420 
843 686 1054 572 1197 742 391 661 879 1112 415 547 569 

385 1326 1064 1133 477 448 719 566 1333 1173 1398 789 629 
1112 1454 1462 1712 1607 1063 1118 687 1014 1277 1618 2158 752 
1274 1352 1952 1529 1416 1455 972 1055 1364 1656 1436 1250 1008 
613 1118 1021 838 1222 1396 1009 1691 491 1518 1820 1557 709 
756 1054 1596 1096 1007 1259 1518 1280 1195 1729 631 1664 740 
351 1358 1251 1530 1018 1730 648 1451 1294 1256 1170 1085 980 
755 1251 1784 891 1419 910 1285 1571 1130 786 428 1289 799 
1730 872 1242 1226 1346 1207 1492 2231 714 1448 1506 1229 464 
1037 1482 1115 1073 1407 1012 1848 1111 1437 1266 1657 1432 511 
641 1088 1172 1003 1513 1231 1770 1329 1097 1289 1395 1216 1071 
887 1420 1446 820 1445 1387 1296 1416 1421 1182 1653 1526 1213 
789 1667 1468 700 1623 1482 1648 1124 1026 1904 1174 1467 1117 
911 952 1592 1061 786 706 678 1056 1115 1330 1234 1262 514 

186 497 585 688 583 1052 771 348 188 671 687 773 648 
341 510 555 1458 1554 1292 1139 516 570 989 1647 1232 627 
729 1048 1417 1310 1169 1058 726 846 1416 1149 979 1438 816 
389 977 1456 657 473 1156 952 1258 524 1587 1046 1194 787 
755 747 1419 524 778 881 1088 752 1280 1082 521 1060 671 
1099 940 991 1265 520 1446 1053 978 1050 1571 1268 1531 449 
432 1671 832 1307 1131 835 1180 1017 1254 540 922 687 255 
1339 518 1191 569 433 774 1118 1235 1432 1170 801 688 370 
1091 1614 527 316 801 974 894 1365 1006 689 883 1173 -132 
1188 866 948 813 730 830 1758 1541 949 860 885 912 234 
1177 977 1370 1340 1723 1169 1437 719 1326 1793 1180 1138 69 
1048 1864 1050 835 1155 1193 960 642 1061 1349 1089 827 297 
647 1253 1351 687 787 818 1029 1296 589 934 1157 256 310 

813 166 945 1211 899 781 446 477 1178 1116 622 1422 509 
914 1569 678 1522 1546 1112 186 786 715 1721 1096 1063 1246 
1137 1045 419 1264 1179 853 1156 1003 640 1447 1384 1360 720 
667 1218 1132 724 661 1048 1063 878 728 1523 1679 1365 584 
575 753 191 710 1328 1017 1356 1364 1596 1214 1037 1657 801 
1187 748 1180 1427 1184 1259 1224 259 691 909 1279 1518 478 
1000 929 1055 979 1016 1008 1554 747 1132 811 1608 417 583 
582 1669 675 871 797 835 929 1051 925 1181 404 934 697 
776 952 1324 602 775 1134 1623 1164 981 1236 1139 1303 794 
609 1528 921 643 1264 1561 1305 1566 980 1276 525 740 690 
955 962 1139 1322 2035 1754 578 1292 1063 1420 894 1506 1130 
866 1074 626 1530 478 368 980 769 1331 1064 1719 1109 1009 
505 995 565 994 403 425 651 424 786 1093 1056 765 506 

537 1025 604 1176 1014 508 54 460 709 977 844 1293 730 
1069 833 886 1456 1382 1048 755 1005 1450 1097 1129 1270 880 
407 1501 293 1525 1715 757 1549 1371 1055 1918 1449 1230 1016 
745 1713 790 1130 1344 1564 1476 1452 2037 1563 1825 1455 692 
1053 1408 1985 1348 1402 1245 1587 2400 1769 2031 1456 1255 1354 
1085 1275 1461 1080 388 1245 1674 625 1584 840 1598 1191 902 
986 1065 1237 1319 1794 1211 1451 1327 1264 2171 1768 1767 680 
908 1212 1715 919 938 1556 1977 1591 1193 1291 1610 1728 746 
528 1640 1224 1211 915 1258 1428 1117 1496 1526 1502 1444 1323 
1326 1043 1595 451 1249 1807 1577 2153 1468 1579 1175 1687 626 
931 881 942 1626 1684 1659 1194 1023 1657 1479 984 1495 1390 
1011 1466 1304 1404 1531 925 1166 975 1354 1437 1541 1626 497 
869 949 600 771 485 -99 409 472 614 1617 1186 869 506 

182 895 829 1380 738 726 879 595 493 982 1405 951 737 
615 1095 1188 1260 1641 1858 884 752 1651 760 1315 1239 733 
1095 1581 1041 1344 1770 1291 1022 1128 1598 1901 1696 1179 950 
687 255 1596 1287 1124 1461 1229 1817 1424 1224 1732 1610 1271 
894 1134 1592 1333 1060 831 1222 1672 1455 928 1399 1684 1029 
262 1227 1184 1763 1451 1680 1274 1317 1367 1164 1143 1021 1336 
1092 1389 1284 1063 1538 1299 1317 1190 1274 1261 1148 946 704 
1100 1379 1173 816 1142 1092 1313 1140 1466 1362 1793 1734 778 
677 1241 1175 1249 1615 1338 1500 1429 1144 2041 975 974 1107 
699 905 1173 1278 716 808 1534 1779 1697 1250 761 1385 899 
485 1282 1533 1766 1060 1807 1542 1245 1647 1457 1122 1175 1224 
837 1463 1978 1265 1216 1004 1573 824 1155 1652 1403 1257 1113 
304 618 1149 731 1088 1012 1111 1035 790 685 789 1233 459 

234 653 297 1055 615 840 413 336 405 281 814 747 689 
148 1544 785 760 1223 1235 1337 453 562 320 1607 1301 1546 
305 1153 1119 889 1615 1067 1152 876 1176 316 1443 1458 768 
182 738 958 410 1150 1788 1129 715 1192 1350 1624 1600 374 
940 1117 1167 597 1203 548 876 831 1265 1706 744 1186 524 
429 1040 1003 624 851 805 1211 959 916 1769 840 1847 474 
311 1775 414 1274 914 816 1299 1079 1719 1438 1508 1311 801 
409 511 1137 1409 1116 1369 824 1189 851 866 1448 588 610 
-121 719 1360 571 1069 655 1063 1000 805 1089 741 1464 1017 
1085 1282 1314 842 772 403 1242 1517 896 1278 1268 1972 612 
933 1029 436 1821 1010 1195 1183 1174 1222 1314 1138 1458 742 
608 1501 1253 1052 1252 994 597 829 1491 909 1635 691 801 
942 522 1499 913 888 834 848 576 1200 954 613 675 472 

417 416 761 1001 1185 775 1044 746 1169 823 823 1055 632 
1264 1704 1597 1404 1876 1707 934 930 718 1635 1751 1668 1277 
833 1581 1233 1451 1183 1636 1297 1298 1208 1690 1725 1510 837 
849 1333 449 1478 1387 1087 1606 1272 1559 933 2049 1863 637 
865 1480 1474 1235 1314 1053 1433 1640 1206 1523 1493 1609 912 
1269 1360 1318 1180 1587 978 971 1469 1437 908 1802 1185 643 
730 853 1143 1122 1432 861 1311 1377 1931 1298 1005 1552 1121 
831 2341 1260 610 1072 1125 1661 1372 1293 1008 1412 1410 838 
1046 1177 1087 1325 1430 1350 1553 1486 1336 1472 1431 1329 1638 
1156 1050 766 1157 1503 747 1382 1859 1956 1163 1635 1410 1206 
1052 1615 1579 1224 1234 1636 1531 1335 1233 1602 1727 1907 601 
1137 1214 1846 850 1116 1231 1958 1519 1077 1613 1821 1442 792 
1128 763 848 879 1506 495 820 1191 955 1352 990 1051 881 

953 783 1092 992 1260 992 960 575 1209 821 1162 1566 857 
835 1602 951 994 1490 1981 1068 306 1581 1280 1737 1522 846 
968 1243 858 1394 773 1615 1741 1722 871 1304 1938 1554 471 
955 914 679 1273 1306 761 1559 1152 1140 1216 1105 1476 868 
642 1190 785 1378 1358 1080 1788 1557 1281 1170 1005 1637 863 
1240 1270 500 1192 1061 753 1800 1307 1230 1229 1096 1093 959 
985 1693 1244 1011 1002 838 1229 1196 1112 1185 1434 1314 278 
849 1176 1264 727 1413 1226 1413 1155 1416 1011 1569 1204 1074 
1407 610 1631 743 830 1292 1649 942 1378 1351 993 969 1114 
1379 1228 1270 1780 985 648 1601 1155 1092 1569 1407 1366 991 
1045 1646 1253 1400 760 1177 1612 1609 1192 1680 1570 490 825 
1287 843 1155 1182 1560 882 995 1222 1297 1004 1057 1562 847 
583 994 565 621 883 284 750 425 822 913 823 634 452 

129 476 709 1032 299 679 449 590 419 485 1040 631 314 
702 1258 715 1226 1505 622 245 1219 1331 1096 1215 969 1094 
1359 1308 1178 1355 1526 1470 1654 716 929 1858 2041 1305 289 
1166 1595 1497 688 1393 1878 1565 1673 1630 1542 1276 1948 860 
1066 1561 1088 1872 1592 1018 1866 1494 1278 1481 1618 1633 849 
999 1294 740 755 1359 1566 1749 1007 781 1594 1310 1649 984 
1069 1292 1248 1325 1427 1208 1739 1501 1092 742 1334 1177 333 
1458 1195 971 845 1791 822 1224 1963 935 1095 1404 1565 1190 
1238 1395 1736 1003 972 1361 2160 1309 1549 1709 1364 1588 946 
1026 1189 1066 818 1315 1701 1878 1944 1852 1123 1606 1670 702 
1231 1246 1446 986 1567 933 1618 1485 1636 1921 1611 1350 674 
977 1022 1386 992 1387 1430 1738 625 1472 1400 1363 1249 788 
989 1290 1511 1317 1145 870 682 1026 962 1399 1428 833 1048 

650 826 831 983 211 1324 852 1098 776 875 1100 1415 385 
1326 1279 1030 1795 1532 1345 1347 1753 1391 1224 1439 1266 667 
1330 1402 1466 1485 1654 1209 801 1280 1573 1570 1730 1338 573 
1319 1097 1409 631 1604 1339 1943 1236 1288 1399 1250 1653 788 
1291 2298 1069 717 1273 1386 1609 1599 1990 1594 1592 1520 912 
1153 1289 1343 1382 943 1361 1627 1219 1467 1417 1630 1161 1059 
788 1317 1735 1791 1326 1467 1282 1532 1462 932 1616 928 907 
1330 915 1054 1312 1111 1322 1721 861 1529 1232 1457 1926 791 
1279 1367 1375 739 1176 1338 1928 1359 1385 1722 1099 1709 355 
946 1641 414 923 804 1315 1232 1739 1411 1196 1294 1458 826 
1312 1482 1008 706 1310 798 1232 1061 1873 1817 852 1488 551 
1390 1741 1740 1477 1545 1176 1097 890 1147 1682 806 1647 358 
1356 1046 1457 1054 678 616 1214 1006 1125 1679 1354 1203 272 

593 669 305 839 271 697 729 606 740 696 419 489 389 
985 1004 577 1113 1702 1042 927 961 533 791 1091 1649 1198 
932 860 1608 949 914 1076 1166 1233 656 1928 1858 1905 1049 
760 835 1096 1001 1547 1902 994 1981 1143 943 2280 1943 738 
1135 1035 1670 1898 1322 1311 1532 1874 1431 1548 1416 1243 831 
794 1813 1094 1321 1045 1503 812 1426 1215 1481 1175 1127 671 
446 1371 1399 1152 646 1082 843 1650 1728 1252 1662 1576 1233 
1188 1000 1532 286 1251 986 1444 1778 1644 1328 788 1085 1134 
275 1485 1008 1051 1128 1477 1071 1702 1686 785 1780 1026 716 
1288 1328 1434 1165 1433 1253 1459 1748 1270 870 1180 1786 666 
583 1135 1351 1238 1333 957 1495 1548 843 1184 1900 1286 1338 
1172 1808 1477 1003 1265 1328 1262 1175 817 1534 1166 1877 890 
1141 1050 1357 626 1560 1138 789 623 827 1313 1000 1038 602 

536 220 312 1048 483 500 567 847 904 292 991 705 169 
1034 517 1891 992 891 1171 1139 1152 1169 1100 1350 1311 1054 
779 1095 1064 691 880 1722 628 1111 1513 1517 1471 1194 424 
1165 622 1088 1271 1000 906 1846 1109 879 1379 1643 865 401 
1121 1004 656 1108 1377 772 1887 1073 1391 1030 1337 861 746 
120 1800 730 926 857 921 995 1383 444 1716 1045 935 865 
1245 840 903 523 1077 727 1670 710 1245 591 1328 960 393 
1282 1115 722 822 778 1561 816 1279 1097 1732 962 1373 288 
1328 820 1103 692 992 1509 1516 643 969 1001 972 1193 731 
865 33 1104 1089 1119 923 1119 1451 1067 1193 1212 887 899 
578 1547 1416 1409 908 692 894 917 774 1197 997 1272 68 
1125 1316 788 1115 492 811 1553 788 1155 1159 878 1266 337 
1114 802 1447 1003 1098 1397 865 1373 1053 994 752 917 263 

181 256 721 660 882 703 649 602 529 951 658 569 629 
941 538 722 832 1020 1496 153 460 1105 776 1859 1443 518 
868 1018 473 996 840 698 147 1089 1022 1559 1091 834 931 
780 591 1411 780 390 941 1626 599 876 1123 537 992 667 
372 1222 1298 389 807 470 769 1506 937 1127 731 1641 602 
1024 1348 329 622 1449 1051 885 550 542 908 1104 1381 735 
565 919 150 981 400 298 1175 1039 596 288 786 1172 455 
659 648 1437 327 827 826 945 1109 1162 892 572 788 905 
916 1252 993 376 1061 759 1180 1103 1359 862 945 1525 537 
797 1107 1072 390 276 1368 1279 1284 916 1023 994 1091 117 
590 464 1373 761 680 1079 1494 759 850 1964 468 336 955 
954 873 987 695 1183 673 854 1187 963 797 1066 538 399 
574 587 426 721 582 460 860 850 653 163 1056 91 243 

371 601 497 752 920 1001 151 171 358 960 960 851 891 
555 1572 1057 1160 1236 1147 1474 1560 812 425 1490 1729 786 
768 1173 1507 763 849 1162 1021 1365 1290 975 1761 1634 778 
624 974 1222 1098 962 1706 1738 888 1244 1226 1377 1454 522 
-17 1230 865 905 1253 1012 1381 1275 1655 1286 1316 1074 1220 
789 1192 1562 1530 842 1819 1070 1212 1468 1195 1360 1754 812 
760 682 1161 928 1049 861 1255 1534 1638 1224 1380 1412 801 
606 1174 1089 1162 1162 1223 1255 1504 850 1637 1033 941 763 
1122 539 1714 1128 995 1745 1534 1013 1033 1558 895 1334 774 
567 964 363 868 821 1206 1204 2076 654 1520 1150 727 624 
1085 1292 1011 1143 1518 1000 1742 945 1367 1520 440 2388 724 
1239 2176 1621 1175 1096 916 695 1397 1187 1132 1691 1197 396 
654 1015 601 1005 731 1239 929 908 1198 974 784 594 176 

682 694 501 908 936 309 576 607 1041 1014 104 807 829 
623 814 1330 1456 1171 459 634 961 1161 1294 1383 1328 588 
780 1425 1012 1058 669 1073 1055 754 857 1355 1786 1304 684 
593 1288 667 1443 1113 1237 1030 1347 969 1145 1144 959 1002 
152 1051 821 993 1129 931 1525 1842 1282 1171 1327 957 1085 
726 887 531 1083 794 1411 1151 1314 1383 1724 847 1072 762 
1280 767 1168 1150 1369 755 1599 847 811 1418 1231 1049 1050 
379 783 1725 1279 1430 1650 1224 1360 483 1080 481 1170 1369 
1069 962 664 952 1517 1032 1314 774 1246 1186 1218 1046 574 
635 1144 853 368 1014 1426 1425 921 1213 1023 1759 905 763 
378 999 1760 557 1089 1447 1367 993 621 1472 1174 1312 770 
846 897 1340 1573 1479 1358 1146 967 1670 341 1111 1312 808 
393 955 1042 870 1243 694 1005 961 619 1031 1178 829 562 

-136 493 844 894 1142 1320 785 461 248 479 768 424 812 
579 1460 876 1125 1258 1592 1084 771 1012 1140 1419 1637 908 
864 832 779 1377 1234 1182 1282 1110 1597 1133 1936 1833 980 
523 1098 1687 773 667 1542 1202 823 1048 799 2048 1503 1064 
932 1089 838 931 707 804 1560 1084 1328 913 1189 1760 560 
256 1410 407 1940 858 1860 1168 1303 1452 875 1497 1250 999 
778 1111 1313 824 1376 888 1113 854 1653 1541 1650 838 932 
626 1023 1296 566 457 1258 968 2093 1316 1312 1144 839 936 
1300 1465 1550 1210 750 1087 1430 1349 1180 1135 435 1709 890 
667 1201 1087 1343 704 1391 1805 1499 1645 1151 587 1770 630 
723 1668 1504 1886 1267 992 1586 787 1052 1351 1230 1233 1069 
831 1378 1782 1182 1692 785 1009 1261 1263 1217 1695 1464 758 
580 763 1092 597 1052 724 529 1105 473 1166 1104 803 829 

643 785 775 1169 789 971 1317 1070 841 887 965 1432 776 
478 1224 870 2088 2240 1157 603 567 1113 1429 1481 1271 1193 
916 1782 1069 1062 1559 1386 1658 1137 1204 1640 1577 1165 1248 
999 1358 1190 1021 1647 450 1332 1725 1351 1102 1535 1857 435 
1015 1145 1358 1397 1236 1578 1613 1023 2056 1397 2043 1412 987 
626 1245 921 1115 1078 947 1074 1095 879 1025 1925 899 1194 
234 1109 988 999 545 1256 1224 1443 1088 1295 1036 1464 1070 
747 1549 1540 1079 821 1020 1831 1064 1269 1139 1488 724 814 
644 1595 952 453 222 1159 1911 2022 1890 1538 1527 1034 298 
894 749 1070 813 499 1181 2035 904 1817 1208 1145 589 1221 
936 1562 1742 1244 1683 1106 1253 1326 1758 1242 1884 1582 867 
1327 1554 1505 1490 1774 1395 1485 1648 1806 1673 1654 1499 478 
713 1334 1412 1321 1188 663 1104 943 1098 1341 1187 1083 525 

477 561 415 751 1051 584 353 585 902 98 719 783 321 
1182 945 816 636 761 720 253 -113 1594 801 855 958 634 
1160 1193 1200 604 1476 1628 1108 136 763 1104 1926 1174 734 
1073 889 696 1282 1060 694 1140 1304 881 1053 1084 1286 660 
490 1115 1017 909 1049 950 1178 1229 480 626 1370 1013 441 
405 1218 845 690 1139 1002 825 1468 1092 942 1290 1029 481 
908 1211 561 899 904 1171 841 1305 1172 1236 229 924 895 
621 1232 786 466 456 1167 305 1105 985 584 1116 428 360 
576 1151 1116 412 520 1104 1288 1029 1050 824 1020 529 1104 
528 1319 628 1521 1106 1227 1251 1056 829 1244 1244 1418 842 
706 1363 648 949 1521 1468 1284 1459 777 1307 1479 1146 927 
897 1118 1444 1730 1199 1308 1050 1453 1262 364 1410 1361 153 
805 726 970 820 1429 556 687 204 1407 890 343 1290 -221 

164 478 640 545 548 563 353 424 691 257 441 623 435 
553 857 1250 1460 1065 647 872 1131 673 983 977 1563 942 
590 551 1031 1295 1393 980 1153 1252 313 1364 1651 631 937 
443 790 860 760 1262 1460 714 1101 914 1348 603 1104 485 
797 763 1634 1343 1169 581 939 1224 1402 992 1403 1327 1104 
266 1963 1295 1296 202 1324 959 1034 661 672 523 1117 801 
491 1151 1416 758 676 338 856 1468 820 722 1345 759 830 
889 1234 940 949 536 1423 1317 1458 651 602 1548 706 913 
680 750 1562 1397 857 53 1271 1053 1360 1627 877 1326 979 
415 1284 1308 603 -327 1003 901 1090 1329 1252 880 1151 528 
440 1782 1628 914 1058 547 1308 464 1097 968 859 768 906 
482 1648 999 907 975 843 1359 561 567 1681 1123 1495 818 
491 735 964 1001 928 417 586 966 289 1061 1155 825 585 

649 625 804 909 1060 655 -44 369 658 414 764 538 457 
1015 1226 1404 1798 1418 1053 660 658 1306 1380 965 1564 892 
1035 1320 1485 1309 916 1116 1324 1242 727 1014 1728 526 920 
1152 864 808 982 1220 625 1098 1713 709 1591 818 1435 1078 
779 1240 1164 1167 1328 803 1582 1360 1102 1421 1227 811 364 
492 98 459 733 1439 965 1383 1406 1286 1521 941 655 1065 
1051 1067 938 1268 607 1300 810 1405 1186 472 1119 1414 990 
848 1629 1259 1315 768 1423 1340 1135 1057 719 619 1184 396 
820 1319 1094 644 1419 1504 1364 1514 739 1930 1468 1033 1128 
1089 738 310 855 691 1852 1566 1600 1115 1850 1595 1797 1031 
219 857 1539 1288 1147 948 1619 1200 1513 681 995 1587 819 
1460 1249 1734 1640 938 1397 944 1280 1367 1404 892 1065 703 
576 799 1153 723 812 971 924 429 1231 1155 1368 1230 795 

297 664 824 622 548 460 305 466 423 875 537 842 259 
728 774 910 1321 782 611 779 765 851 1247 1016 736 1025 
406 453 958 895 514 805 664 302 739 869 1673 1256 450 
327 1330 751 1438 1515 723 1382 744 1045 665 1299 604 1297 
258 1125 883 219 1313 466 1019 1263 1159 747 530 1247 501 
546 1129 1060 1220 484 1549 896 1155 1055 811 1490 892 599 
790 1050 235 1136 989 743 1740 555 1124 1382 852 346 934 
1147 1040 1161 1088 1215 696 604 1343 627 1335 809 912 196 
887 946 468 1192 -174 1178 1405 870 1155 649 877 1450 679 
586 1203 689 790 797 1035 1036 654 998 648 1178 738 1110 
1136 1172 745 846 758 1427 1141 1065 1159 1193 581 1200 1335 
411 963 800 1083 1073 832 902 913 1191 1002 926 948 580 
696 739 1301 1014 1217 572 866 860 1126 1172 983 1023 610 

858 540 1355 568 910 521 1154 1132 724 897 1084 1088 365 
983 1577 1379 774 947 1526 1197 1137 1105 1118 1240 1258 914 
977 1235 359 985 947 1022 1505 1164 1637 1660 1803 1478 1172 
745 1195 984 1149 569 1689 1421 1676 1594 1027 1928 1538 875 
847 1483 1373 1210 2102 432 1665 1767 1269 1462 893 1659 882 
361 848 734 657 1190 1504 1367 1269 1316 1896 742 1459 167 
1269 1169 972 1482 1586 693 935 1131 1362 1214 1276 1376 797 
1263 367 1188 995 1318 1630 1268 736 1591 1254 731 827 1484 
788 1071 1090 1311 1403 1060 1594 2047 1569 1129 961 1179 489 
1182 1209 1219 999 1385 1005 984 1335 1320 874 1523 1950 660 
949 902 1570 1259 1310 1103 1354 1559 1255 1194 1210 944 453 
1278 1639 1114 1154 1507 1000 1103 1441 1325 1387 977 1087 496 
649 599 972 984 518 817 820 609 816 710 863 630 391 

69 848 142 383 447 755 564 496 268 520 626 357 -74 
443 863 726 850 1125 1126 908 843 429 693 999 653 1213 
667 957 1079 1371 1786 780 543 507 348 1284 1110 923 640 
552 1429 1031 297 197 757 786 724 916 1099 721 1108 1377 
343 1270 401 949 672 796 824 775 989 791 664 957 920 
340 1124 837 652 576 1075 536 1006 800 1068 563 1398 637 
794 763 321 606 1397 257 1227 993 889 885 810 637 650 
949 1085 1371 597 908 1011 553 844 823 608 1007 612 419 
161 965 652 -385 -70 786 983 1112 295 1078 190 958 786 
567 1114 421 361 141 1059 963 939 1122 776 259 1275 323 
729 760 768 966 512 681 1115 1095 187 1388 876 822 662 
721 452 1747 950 1088 1183 806 1015 875 548 982 1028 385 
888 977 789 472 652 630 122 1014 261 350 1069 573 326 

403 1463 420 1058 226 841 1166 441 778 441 1012 591 881 
741 1013 696 1715 1429 875 1039 1281 1300 817 970 735 1145 
547 1240 994 936 1558 674 941 935 1324 526 1548 1308 528 
712 1644 1444 868 1471 1915 775 1232 1392 1190 1240 1512 868 
654 1236 1435 852 1094 840 1599 1205 915 1471 1020 1047 922 
880 1081 1417 823 713 1401 1007 792 1058 1342 1044 1607 989 
685 1219 941 1745 1071 1178 1519 1562 1076 1609 1071 688 1029 
1121 898 1048 1615 491 961 1350 901 751 941 1318 1061 670 
341 1080 1192 654 481 397 1169 1548 1115 1046 539 1493 1231 
855 1127 678 892 967 1234 1493 1649 1219 1009 1213 1308 273 
778 1211 1777 922 617 1348 1078 1514 1360 969 1470 1309 658 
917 1245 1364 977 946 1200 1335 639 1155 1218 1806 1377 637 
858 1336 1206 794 624 1033 920 1061 1018 822 1409 1131 518 

336 524 1320 974 1145 575 1034 347 772 923 716 990 1020 
574 1289 892 819 1337 2164 1308 963 1147 1243 1042 1483 780 
860 529 1355 1101 1279 1326 1750 1066 939 1012 1360 1225 685 
534 701 430 1333 386 1383 962 1186 1314 1498 1735 1247 561 
783 865 993 1605 991 1166 947 1241 1207 1191 1680 1321 911 
529 1075 846 955 1054 1131 956 1057 1358 1341 947 2046 213 
839 1456 1277 1224 1228 763 1654 1001 1171 1217 1205 1323 445 
932 385 1250 1307 792 1488 544 1081 1524 1131 1554 867 890 
506 1307 1190 890 646 992 1276 1777 994 1189 959 1768 452 
510 1387 1264 712 1220 1030 1723 1937 1311 1093 1660 1528 768 
969 1560 889 1387 1042 1605 1538 1467 1251 2182 1418 1554 581 
944 1611 1004 866 1223 1118 811 993 1745 794 928 658 785 
468 888 961 714 775 -40 577 584 456 283 577 550 225 

