117 382 556 190 59 314 171 168 293 36 249 173 371 499 336 286 215 16 419 538 503 567 -112 88 370 8 
313 883 738 444 290 642 765 443 340 607 446 464 711 483 644 401 552 420 467 413 441 730 565 113 189 308 
678 281 779 -40 136 185 337 641 400 106 118 346 758 696 355 506 54 353 798 485 622 313 159 285 206 320 
323 663 751 246 319 198 422 669 680 411 577 773 487 107 83 624 489 701 124 549 506 503 369 378 392 239 
297 533 550 526 304 189 902 123 358 680 863 466 296 173 281 344 667 931 904 815 -76 707 162 1041 419 158 
368 561 68 529 222 620 331 215 538 411 273 473 395 736 586 995 246 563 413 508 693 577 508 51 379 497 
27 402 329 622 562 476 532 97 181 883 290 721 618 697 405 805 368 842 552 333 460 490 201 496 321 250 
326 510 514 474 441 358 195 517 200 655 331 700 27 450 494 22 272 982 424 614 841 244 823 537 470 650 
384 366 65 0 572 488 72 538 269 490 -6 417 137 668 193 257 388 182 454 795 284 300 371 629 567 943 
188 366 378 416 632 508 561 596 301 133 214 548 226 771 684 324 849 373 642 610 -57 148 338 110 707 330 
188 178 383 625 590 888 632 538 671 289 417 34 495 815 89 635 748 625 479 409 173 794 232 309 822 510 
351 -227 625 322 822 649 337 1025 182 598 92 -101 257 252 228 560 151 135 558 171 338 474 586 142 587 459 
518 551 108 434 591 351 218 136 647 847 355 46 194 418 748 672 834 488 511 350 465 264 -37 917 811 428 
348 849 460 420 543 254 278 596 160 377 539 498 411 110 534 294 614 496 711 481 424 444 838 533 432 603 
487 187 754 729 408 263 636 482 288 672 543 463 510 295 741 -110 423 547 961 132 519 764 581 556 468 100 
511 526 769 519 470 585 478 421 240 555 577 253 -141 490 396 413 137 538 158 820 365 383 543 319 214 131 
249 143 427 701 314 573 424 707 660 1083 357 298 454 662 501 668 469 828 -264 597 755 431 275 659 973 139 
760 454 -25 295 348 523 313 751 484 176 586 624 107 418 388 348 679 406 146 247 393 509 229 418 356 224 
286 459 512 262 399 228 427 236 680 412 583 454 125 777 572 398 162 521 535 516 443 349 125 623 388 290 
29 153 545 575 154 181 340 608 449 423 563 207 30 761 16 511 523 286 792 251 761 357 145 516 451 556 
46 441 498 626 204 543 155 646 643 263 731 3 242 228 1027 488 49 737 445 903 399 188 355 669 702 381 
452 671 854 233 325 287 421 1089 735 73 -71 305 892 770 652 729 433 515 210 735 618 920 686 344 281 709 
363 786 282 -85 659 479 362 348 796 276 236 421 392 508 754 314 172 655 509 494 535 669 458 263 415 237 
282 334 240 504 710 290 400 566 321 277 -38 340 344 485 414 475 447 859 945 878 309 595 487 336 368 427 
362 650 634 270 32 -49 514 203 233 503 392 34 443 535 365 350 581 384 390 586 328 191 293 123 309 232 
384 19 382 104 613 267 83 217 70 276 270 334 205 67 199 275 216 356 364 230 421 507 350 264 13 57 

523 616 711 229 667 291 617 801 537 419 51 483 403 568 893 413 530 401 309 717 740 425 474 522 826 251 
570 857 776 529 622 688 936 1031 927 492 625 695 1163 964 800 163 689 1083 775 752 893 628 826 568 739 110 
455 670 976 886 755 1053 512 1023 757 683 897 839 1063 486 532 808 900 470 538 1074 978 686 616 678 690 276 
797 1021 973 774 740 574 621 836 767 865 1040 1171 1135 791 550 863 612 845 1102 759 522 956 550 517 530 412 
610 751 473 686 395 831 685 759 849 1204 1264 942 911 840 681 573 1135 865 1130 449 867 620 816 883 756 297 
538 656 813 632 874 1093 839 655 839 623 1057 738 890 1187 953 667 831 557 928 788 183 298 1201 600 1047 175 
401 884 1026 539 1235 610 1064 1162 1347 907 965 1142 790 546 800 944 596 655 585 334 641 992 803 576 647 505 
777 809 811 677 623 551 774 1041 1119 853 949 689 618 905 571 785 846 861 1006 783 630 895 881 873 707 332 
724 878 886 478 880 180 660 882 733 230 898 1059 462 786 667 843 702 595 939 440 256 610 730 1004 1147 92 
632 415 926 1081 450 934 515 472 513 653 504 832 816 873 650 1070 828 831 709 798 660 1022 694 929 1143 951 
281 488 361 649 509 1251 850 286 988 361 925 645 1002 760 1011 596 657 1029 666 791 447 194 524 1238 712 777 
330 840 919 1047 686 1137 1025 903 421 656 866 451 431 586 661 1223 889 1133 934 969 761 394 942 997 1091 420 
635 366 409 1008 842 665 1025 758 1136 811 412 599 552 1057 812 831 493 799 805 744 1152 183 876 1263 888 297 
524 665 498 530 658 496 733 876 904 878 1100 1044 712 799 779 593 1194 544 992 902 1137 1076 1302 848 814 594 
407 753 627 944 567 1113 513 1182 708 688 620 890 608 663 903 958 1004 772 909 1086 1261 1442 885 419 756 305 
647 799 1048 542 858 727 301 838 507 884 628 541 629 363 570 1071 876 736 584 769 982 743 686 802 488 533 
46 678 889 531 673 1082 855 1055 866 921 598 671 372 741 505 643 1158 786 621 781 761 251 438 336 727 509 
58 674 868 645 665 839 367 343 494 425 354 479 234 992 752 756 729 350 696 425 595 716 618 534 884 716 
328 700 290 718 779 641 670 854 1168 889 806 698 887 416 1068 682 570 867 1104 960 437 837 710 920 474 394 
319 992 650 799 1001 607 847 1160 1265 923 523 850 634 537 763 945 802 1020 570 778 846 913 404 412 965 716 
440 703 736 795 433 343 800 1097 1169 812 428 978 715 930 697 884 1307 943 515 982 302 646 475 627 917 453 
1067 547 693 583 744 531 727 634 641 751 530 620 1137 560 589 1000 676 566 826 1244 501 897 816 789 257 419 
511 1141 1078 1144 715 743 743 909 559 493 322 458 643 1019 1134 743 958 599 1457 1148 1271 1189 905 743 571 719 
213 736 829 631 546 1148 735 498 405 605 530 793 1084 882 725 419 1175 1228 943 615 1242 865 697 484 1107 371 
850 938 1034 672 437 992 369 498 743 620 703 546 854 262 624 695 665 756 686 950 896 976 530 382 471 237 
323 365 626 506 198 408 584 427 391 582 373 470 -68 388 377 428 483 366 426 519 389 351 566 373 485 159 

178 22 450 462 570 75 478 386 273 221 276 286 225 396 302 214 200 300 -40 441 120 476 482 154 196 181 
779 468 493 282 652 619 186 899 553 620 400 455 454 687 373 595 405 732 567 885 377 511 425 39 501 89 
336 594 324 259 391 662 750 632 630 674 428 527 487 598 87 462 736 91 372 257 616 576 317 149 575 35 
324 741 573 433 234 805 631 771 306 523 483 375 422 392 -43 440 468 864 509 759 567 685 355 74 763 380 
523 420 877 489 554 1024 489 565 906 625 717 691 886 503 147 750 276 379 360 360 340 330 237 479 133 206 
412 322 289 519 411 432 852 130 599 -44 579 407 505 799 540 1072 574 1104 186 736 160 18 346 429 774 -56 
313 678 631 401 745 779 515 628 694 409 971 755 459 544 527 859 652 680 119 378 1044 253 546 604 589 61 
326 492 506 617 471 349 630 737 192 698 595 447 666 661 417 660 590 778 313 454 427 607 690 711 570 353 
671 525 320 493 394 -42 330 125 73 5 460 1007 172 382 525 214 613 370 550 144 505 478 259 765 651 84 
486 1094 335 408 370 543 75 473 303 622 530 966 379 796 365 623 646 627 526 700 545 824 413 354 997 654 
83 601 392 496 500 222 196 410 808 281 663 996 340 72 544 408 773 335 257 714 -140 519 561 1089 741 561 
78 518 724 710 477 903 585 418 -172 742 426 646 462 540 423 640 666 664 252 339 272 404 146 849 745 328 
257 155 476 749 245 800 422 588 199 718 311 619 538 842 357 436 611 680 479 291 689 508 608 510 431 91 
647 170 550 683 473 282 498 385 664 573 602 226 583 269 980 139 689 341 1099 498 738 832 410 539 644 109 
263 522 748 543 613 1269 444 627 825 901 376 661 707 -56 650 424 907 321 512 367 733 820 889 527 372 171 
374 245 614 275 440 662 423 187 203 742 250 185 874 -129 434 771 1196 383 469 192 353 794 590 374 663 200 
727 472 696 406 185 1086 600 684 486 682 322 278 296 368 252 393 572 189 438 514 321 356 382 -319 365 37 
334 253 1120 246 525 844 669 477 176 502 335 171 112 557 312 655 664 279 312 296 299 340 479 390 546 362 
494 190 -73 716 710 88 615 919 784 606 44 366 494 10 636 126 764 215 658 458 551 572 464 389 214 148 
211 108 280 382 641 654 610 598 619 384 234 489 228 524 202 595 330 277 465 747 693 392 433 637 379 83 
230 414 560 888 220 735 234 795 862 538 246 622 181 530 442 392 809 350 618 710 341 556 314 682 278 -28 
568 140 747 482 138 570 533 633 875 920 719 374 588 230 476 756 744 365 613 395 421 565 30 479 633 262 
533 638 924 544 379 482 364 654 487 316 821 311 402 524 318 501 958 642 644 434 758 553 777 219 424 507 
237 346 481 458 353 473 710 774 511 529 694 946 899 490 576 213 835 1004 553 410 553 135 504 -100 622 191 
492 331 555 293 634 808 140 316 1032 135 573 165 526 33 34 623 581 757 726 385 403 591 313 683 537 132 
253 315 547 134 415 94 326 457 540 321 501 340 253 173 299 -3 605 230 457 119 532 128 401 -112 323 194 

-116 409 434 14 227 127 518 421 526 216 140 258 218 232 353 -45 452 555 116 161 40 332 37 588 32 64 
174 199 165 413 181 223 291 246 490 74 317 86 461 82 471 565 -57 -1 585 204 652 214 -73 9 309 292 
-52 467 263 514 522 310 413 231 292 907 681 170 646 415 168 -142 318 643 352 265 427 96 466 195 147 251 
550 235 529 421 593 368 237 398 148 217 447 74 651 10 687 -40 400 -291 671 292 200 55 128 143 204 40 
482 617 293 775 353 332 870 322 196 212 679 760 435 451 307 -93 392 524 483 -262 517 -364 247 328 62 -81 
-90 -33 225 321 387 310 349 157 297 361 742 87 597 498 280 577 430 91 88 403 -240 294 85 308 798 -61 
146 109 -14 534 373 408 561 -142 673 234 205 333 230 88 476 275 243 36 352 318 222 287 -38 -215 313 -15 
100 313 322 657 486 166 694 -91 425 41 513 10 155 529 224 276 139 308 398 513 227 772 243 36 666 513 
-241 244 294 319 283 13 -239 -46 81 511 -122 608 512 -46 291 158 337 15 478 129 129 145 18 475 551 320 
333 29 -247 -63 632 243 303 335 346 36 395 135 353 401 520 441 285 266 259 586 159 -38 119 544 422 184 
102 82 379 194 337 310 31 482 150 302 -122 142 666 16 623 623 508 562 335 61 -8 219 152 626 -10 636 
125 295 -40 238 545 75 483 152 313 306 677 220 -1 -18 25 542 390 153 589 85 164 540 204 244 506 439 
348 -91 117 535 289 271 209 211 813 287 240 99 419 222 128 678 -63 -167 313 284 350 -29 426 208 330 462 
339 43 -31 229 124 96 150 349 335 331 195 246 300 224 -57 571 139 467 394 253 455 463 578 335 713 351 
-81 456 526 730 -41 605 631 148 539 461 58 839 240 100 71 173 266 66 298 488 487 492 495 301 135 417 
12 219 534 828 513 447 521 57 -73 212 439 119 46 -37 652 255 226 3 414 544 -24 91 27 403 577 364 
182 420 272 255 327 151 -51 364 514 506 384 -26 416 165 -43 -249 374 87 340 286 97 -373 337 342 119 482 
57 156 237 385 305 190 8 104 330 512 475 -78 53 361 -186 277 495 197 153 228 150 -86 254 593 234 -258 
79 537 83 753 -87 112 51 355 173 -38 168 -129 390 386 487 431 418 67 429 242 132 59 488 44 371 225 
-23 49 360 586 260 688 539 471 256 613 246 221 270 18 -33 46 88 381 688 556 224 407 253 170 143 249 
2 863 287 543 498 466 325 191 630 133 329 232 271 376 166 -6 782 119 462 305 554 271 336 586 21 481 
195 372 609 230 238 72 737 473 342 214 -37 81 361 582 436 196 289 363 717 455 543 382 72 30 735 8 
403 435 256 574 160 106 168 680 342 444 387 475 86 454 489 281 624 299 364 220 147 287 500 377 133 303 
252 570 845 309 -284 471 316 184 616 141 329 582 -16 547 261 349 171 411 254 111 -7 564 -137 328 224 -11 
-3 -42 355 157 361 -166 654 420 502 347 124 -83 -178 -144 362 515 110 72 0 -133 567 175 281 337 387 97 
279 297 116 47 128 154 244 173 138 297 50 39 81 208 83 201 100 -81 -143 275 -38 93 -284 -77 365 146 

323 520 600 360 492 309 323 926 197 424 314 93 267 474 244 795 357 156 398 499 169 295 428 164 459 139 
582 582 356 223 266 476 609 438 344 434 461 119 734 587 195 364 140 693 359 178 353 143 573 270 584 170 
52 471 340 488 131 401 473 165 836 690 635 512 184 300 94 74 381 442 357 565 442 916 475 318 492 137 
51 552 654 705 738 676 619 435 290 481 676 782 494 373 16 504 810 596 522 737 458 272 487 122 392 413 
331 439 315 533 237 505 315 351 455 768 448 381 474 261 666 541 553 121 138 -109 375 617 389 598 394 396 
467 606 866 482 705 731 604 216 858 296 702 425 653 521 458 933 610 339 474 611 646 738 732 121 670 232 
427 269 667 412 127 381 717 373 584 683 381 110 503 385 485 433 -24 319 300 -52 424 400 8 672 491 430 
671 275 437 675 591 358 800 261 242 522 98 557 170 897 844 514 552 341 425 467 366 -114 415 323 446 430 
309 509 549 207 136 384 377 496 769 393 388 457 643 609 277 711 238 289 526 756 478 435 586 335 184 102 
335 524 197 869 641 234 693 705 561 113 679 293 669 112 154 392 360 400 363 588 -108 794 1210 875 449 212 
399 437 501 395 584 771 429 232 389 479 197 539 661 432 467 466 548 481 302 56 319 570 518 859 362 326 
168 547 633 715 515 463 21 147 161 375 510 428 568 488 340 667 455 628 434 609 446 252 567 441 679 168 
43 160 662 716 482 292 558 468 427 454 112 402 293 149 674 466 97 586 1063 885 470 871 630 632 562 62 
-148 406 722 455 593 -7 427 490 552 475 510 710 323 733 757 343 512 148 407 565 266 878 737 307 383 228 
106 588 178 400 381 627 612 100 483 574 618 335 616 256 297 429 386 521 597 663 920 369 460 464 671 330 
117 206 647 190 458 567 572 286 409 479 609 -192 402 378 135 512 470 455 816 552 333 147 453 328 112 54 
562 878 443 678 547 584 478 408 560 73 473 257 619 254 526 494 1120 581 155 282 414 99 187 141 650 209 
248 436 301 409 1003 160 18 147 333 566 181 193 262 -90 792 106 381 505 338 601 103 500 417 419 205 172 
76 285 252 554 201 358 556 449 680 575 424 287 379 448 339 107 516 461 356 368 184 504 528 425 568 167 
277 714 789 640 470 666 309 431 267 605 514 410 -111 255 642 665 577 675 379 355 302 239 325 170 431 407 
343 607 427 653 379 877 587 685 647 620 502 305 280 177 1260 652 517 260 256 287 707 767 200 361 611 118 
497 336 113 768 537 603 646 339 42 374 513 442 723 558 531 710 656 429 805 304 333 300 212 593 246 147 
467 607 575 555 206 540 651 492 841 5 329 536 410 415 312 291 591 485 935 651 817 284 522 112 357 5 
463 732 510 107 668 372 480 534 328 504 373 -23 621 443 466 371 371 440 571 606 391 426 506 447 496 77 
873 452 267 419 831 614 345 265 935 162 438 363 439 187 378 -130 560 111 596 818 398 54 378 391 637 200 
72 417 269 62 270 287 424 336 63 82 -57 398 112 724 351 154 10 -131 483 334 448 114 390 219 270 117 

290 497 347 881 348 549 714 861 401 242 504 268 381 336 782 560 717 326 243 765 517 566 651 526 314 204 
472 584 921 915 729 568 978 738 499 456 674 184 304 491 988 701 590 405 651 1095 727 1115 517 551 578 392 
679 836 803 649 810 243 548 780 1135 921 822 539 781 269 734 219 736 766 854 635 923 597 366 796 261 241 
378 984 999 782 588 606 682 856 761 413 1043 1221 976 391 473 113 755 960 800 661 731 490 579 401 795 587 
142 859 1032 881 857 567 630 672 393 885 1027 784 1361 826 823 421 414 275 237 748 666 722 728 805 587 197 
778 970 828 1001 1035 348 1027 615 767 720 975 700 835 680 1229 538 975 214 907 987 390 609 748 636 661 199 
453 623 976 615 1153 602 933 609 767 1103 653 895 570 470 1026 716 992 580 760 600 481 600 672 670 873 358 
653 825 871 906 814 575 562 594 315 1106 1012 767 977 906 775 1006 602 1103 404 617 527 370 1046 754 791 456 
654 491 856 644 612 991 457 251 747 874 546 1039 1041 866 575 1107 529 1147 603 445 758 278 489 832 931 501 
602 334 911 925 659 1198 347 322 833 381 848 632 1037 970 943 921 526 1082 766 969 686 558 1087 928 850 700 
352 540 664 834 664 663 434 136 753 964 555 857 1082 998 845 775 594 1217 368 630 592 489 635 1044 704 833 
187 835 811 1024 676 685 698 545 861 312 1400 936 702 613 568 980 741 1072 668 1089 857 208 816 844 855 656 
109 828 661 873 810 198 823 516 666 935 646 515 972 424 730 857 855 890 978 730 1025 650 621 607 1127 508 
266 1008 302 583 779 175 397 634 813 814 576 805 1054 581 1109 972 795 670 926 985 1662 557 882 610 975 468 
226 773 766 745 649 633 785 792 651 374 1127 788 781 650 599 772 1002 626 1120 940 1292 558 1130 631 1341 624 
302 763 554 567 1216 759 823 565 548 503 458 621 627 768 527 1295 446 1335 1020 455 951 440 821 870 816 628 
402 1081 428 1075 1050 576 888 467 567 783 521 453 706 786 195 792 543 1004 1041 564 271 832 -103 747 826 531 
85 930 1082 799 449 409 713 382 497 310 499 396 36 451 844 663 995 758 904 412 195 513 552 646 594 518 
162 933 601 833 510 615 880 267 974 634 440 676 630 385 974 738 816 180 722 549 540 1162 596 737 407 445 
559 681 492 823 845 821 1091 502 1155 432 913 681 778 601 1028 481 958 487 417 618 762 920 490 654 815 559 
344 729 892 907 1350 916 801 867 933 722 602 273 1353 787 872 932 823 472 425 880 732 561 398 495 1138 226 
748 824 1347 688 1062 780 817 842 487 413 1038 388 983 757 862 667 955 897 773 862 1044 772 496 599 695 458 
465 951 877 898 1031 885 917 874 676 639 700 483 662 305 1079 893 1094 1107 782 1284 490 991 389 920 570 452 
312 767 703 355 818 154 1072 930 494 479 458 461 284 830 931 357 591 777 764 1244 474 867 1008 756 351 780 
457 1036 933 618 759 697 754 924 481 789 652 624 916 610 633 430 334 816 700 1111 529 972 696 761 1003 769 
372 807 536 670 73 435 319 642 329 466 465 385 704 166 470 98 80 389 103 517 415 346 543 474 206 196 

152 220 378 192 18 226 329 299 68 95 -67 332 204 12 -68 532 111 32 72 25 -223 331 -62 45 114 -58 
252 306 513 418 606 145 454 200 329 688 521 418 202 484 400 738 571 369 211 470 98 573 432 653 234 -71 
373 322 419 484 734 666 769 487 972 279 620 621 338 122 390 239 491 444 308 611 528 340 388 553 614 -137 
-23 671 -217 68 466 479 254 636 405 252 460 225 459 493 111 669 526 942 584 284 643 290 150 141 609 248 
65 380 501 372 378 681 480 247 412 443 450 -36 1267 528 674 427 205 597 219 661 -253 499 695 410 349 268 
491 452 395 570 639 222 819 157 939 285 727 385 511 657 472 447 144 501 309 159 67 632 82 269 658 327 
238 315 389 405 271 510 741 306 778 235 336 339 553 470 263 543 115 395 283 286 503 380 728 98 811 407 
60 208 431 679 437 377 781 662 77 320 179 648 55 601 421 414 -167 461 211 442 250 182 727 266 315 -1 
90 31 607 461 662 467 317 621 180 610 -13 491 623 783 158 508 277 374 511 227 523 555 368 955 667 317 
342 403 313 490 779 421 446 674 296 -32 446 116 265 639 437 164 327 125 774 498 -29 332 390 530 723 269 
265 509 245 382 197 525 276 359 254 52 201 601 190 488 136 600 -86 406 548 100 53 776 337 449 721 404 
-65 292 273 387 147 484 370 288 204 -50 90 301 296 211 132 254 234 493 393 896 448 262 210 493 103 410 
-155 102 761 660 411 160 126 736 342 205 -238 643 389 194 393 171 647 231 749 638 276 611 250 498 312 219 
5 117 393 882 235 79 437 249 295 341 315 376 507 354 144 2 792 131 364 676 887 397 976 97 302 86 
67 133 176 205 617 101 264 661 701 444 638 547 799 -136 586 274 310 -68 1043 226 880 626 842 457 550 73 
110 420 317 361 529 304 264 372 603 479 302 890 452 133 86 122 650 399 958 328 336 630 208 689 135 199 
283 293 438 197 217 610 -116 554 550 591 587 228 445 -146 677 266 614 514 695 475 214 308 -290 672 326 -62 
8 272 364 560 258 526 461 550 129 556 428 158 357 280 207 176 154 392 432 278 25 410 415 443 436 102 
-64 471 70 358 552 280 714 130 661 99 636 206 -34 358 67 349 319 53 389 306 -42 613 417 475 619 383 
-80 547 205 683 170 305 399 430 404 212 576 319 635 250 779 238 810 841 568 419 149 232 509 336 345 299 
291 117 705 365 456 408 298 789 574 386 407 450 434 606 663 232 663 0 584 284 760 427 732 320 19 100 
266 490 214 293 433 683 478 -11 404 75 583 875 895 412 554 310 696 463 900 432 923 139 115 268 206 373 
200 125 614 507 435 86 803 435 -95 536 417 182 538 395 638 208 381 410 459 706 24 392 21 396 205 139 
67 391 409 80 757 156 450 576 397 493 520 622 524 44 279 -98 229 282 190 365 486 561 462 489 499 312 
300 556 375 314 168 227 519 541 413 165 817 -175 414 171 507 -70 961 855 289 619 194 687 234 345 530 355 
102 201 378 518 110 289 357 357 173 280 408 4 187 -20 422 181 267 -179 100 97 539 36 213 63 -6 215 

38 148 209 25 309 305 134 -107 111 99 201 117 -103 264 -180 119 548 465 48 343 380 47 246 382 -139 104 
9 447 225 728 294 396 202 485 -23 129 588 377 364 316 631 632 163 -92 250 700 268 250 366 46 216 157 
486 400 501 131 336 182 485 695 280 552 223 632 450 656 263 525 21 571 25 420 438 225 122 253 610 104 
386 380 270 82 327 58 527 82 420 496 299 247 304 27 256 -36 444 846 465 467 890 343 378 592 186 579 
350 566 530 542 200 530 197 321 5 237 740 297 513 581 376 17 221 343 741 658 363 76 711 248 360 337 
94 496 492 211 407 86 51 439 566 581 379 119 384 332 334 -198 213 443 224 94 57 354 707 367 411 393 
416 477 474 589 501 257 249 406 342 590 477 392 436 313 820 854 848 476 315 446 -112 76 302 518 592 295 
-59 241 770 121 515 454 294 491 543 429 415 707 622 243 32 740 571 670 756 166 278 399 213 397 104 309 
373 63 560 814 488 405 368 42 38 529 227 41 452 834 402 72 361 363 264 370 52 485 172 319 631 276 
493 348 426 161 437 443 272 399 352 32 307 518 318 375 567 208 53 572 444 448 781 370 156 565 642 348 
-37 306 678 567 193 340 297 698 619 3 318 177 677 286 333 306 457 705 469 439 83 93 873 180 707 643 
29 686 305 117 224 481 800 216 781 571 -89 320 168 -251 490 458 484 125 99 657 399 279 127 427 505 252 
-50 228 706 660 377 55 770 220 670 -103 513 289 -47 529 55 517 669 523 111 643 484 -92 896 174 503 714 
230 243 327 774 277 173 99 634 395 489 33 124 495 413 604 564 357 458 546 843 630 681 197 503 588 132 
176 376 -50 556 939 -97 -128 614 412 319 248 844 332 263 498 -154 230 335 563 528 360 600 423 686 487 357 
411 251 222 488 195 430 310 207 375 249 498 631 470 141 88 32 530 473 418 526 448 63 303 350 438 25 
-163 387 590 25 615 485 785 17 52 641 175 397 540 657 367 397 647 807 563 155 159 388 291 -15 738 343 
-22 563 615 220 453 403 865 145 629 397 235 298 456 462 -142 517 493 410 312 384 -69 73 481 111 233 289 
254 445 523 296 474 43 218 -150 391 818 674 775 360 682 812 395 137 170 -184 82 346 421 201 -17 252 624 
263 -91 432 203 321 404 69 321 322 507 -87 515 50 358 404 393 237 359 584 554 239 419 171 435 134 238 
254 487 24 320 748 31 126 291 487 473 1055 381 786 494 35 563 406 523 316 397 247 163 336 200 35 405 
286 398 261 260 574 432 403 702 345 305 325 238 837 -36 596 354 -17 635 365 743 654 887 244 410 810 264 
-59 306 551 394 638 135 371 7 -28 434 583 -285 289 395 387 147 334 458 512 176 680 344 318 321 581 0 
349 756 31 458 246 484 273 712 469 -44 155 448 667 200 468 217 493 328 404 668 311 492 415 300 255 21 
106 338 397 283 -112 198 889 390 133 443 275 308 204 581 -41 87 -125 1085 809 564 163 162 641 536 184 701 
100 276 209 603 285 578 237 65 412 326 164 572 163 69 84 448 252 338 315 633 190 91 73 259 271 -152 

19 578 334 234 61 25 651 145 186 -3 -147 194 252 236 519 356 315 -36 269 418 203 378 37 462 161 -48 
572 829 566 14 489 1087 581 771 -26 378 -31 137 49 -28 211 610 697 862 306 478 509 536 706 768 498 583 
266 328 827 497 560 79 59 651 198 559 693 790 471 940 694 240 270 183 761 409 943 531 667 517 602 163 
356 441 643 237 44 5 378 463 229 193 949 572 608 305 497 267 138 479 181 333 711 285 802 219 285 241 
635 583 718 535 447 114 919 514 840 686 718 404 69 298 624 543 858 667 523 611 165 338 374 851 120 384 
109 860 887 766 404 487 -32 274 688 543 667 881 908 1000 621 580 289 491 713 345 233 355 845 545 513 453 
398 229 427 847 382 406 673 388 727 448 735 727 618 976 394 63 361 411 494 378 904 -139 61 -63 940 190 
201 769 560 558 649 771 577 614 373 835 400 446 314 623 665 467 458 327 246 900 832 537 454 254 454 773 
233 131 473 739 358 771 500 545 398 209 419 502 238 492 976 107 622 463 570 62 170 381 589 603 556 948 
159 723 419 227 545 330 204 527 568 88 464 221 599 1063 471 413 248 856 857 727 563 3 544 257 464 244 
123 343 434 430 1084 582 694 407 826 448 229 503 765 544 430 221 551 569 332 614 347 646 414 638 508 487 
418 216 256 431 713 207 438 343 501 624 501 282 409 253 518 -6 732 965 585 671 538 281 640 812 802 377 
-5 340 -71 684 579 606 576 592 645 774 306 387 580 381 516 406 147 508 380 601 396 1 463 476 812 300 
362 429 534 302 369 147 299 534 831 232 427 714 445 539 510 358 437 770 560 413 708 442 564 545 598 416 
525 617 306 613 559 366 389 410 226 1083 594 765 226 490 681 275 70 140 449 1033 816 816 616 704 322 -42 
563 307 636 814 934 513 514 512 92 598 269 225 312 306 422 486 439 518 490 735 456 775 768 565 631 498 
178 234 148 888 293 172 241 906 402 371 363 359 -189 184 19 309 871 365 24 602 427 171 296 331 467 511 
639 316 574 249 496 515 783 373 412 600 737 568 471 1083 559 891 720 388 461 343 299 492 397 939 610 69 
-27 341 178 403 764 724 441 374 919 656 535 94 232 274 585 511 531 527 505 209 247 74 97 347 326 340 
-52 -177 514 165 378 107 119 286 137 526 662 577 337 550 304 828 316 429 402 487 854 417 347 336 374 643 
172 405 399 255 432 695 718 871 497 393 559 442 214 304 561 931 742 530 96 698 258 498 296 430 362 381 
343 379 517 69 383 222 746 768 489 534 299 519 1163 691 734 575 541 526 861 772 110 792 -55 139 313 478 
259 706 100 434 103 454 343 331 279 616 83 326 376 570 819 689 676 797 758 857 835 1168 520 871 358 740 
453 1184 944 997 477 296 668 294 230 473 446 395 384 1036 351 335 95 278 598 385 768 628 595 11 343 383 
222 497 241 530 343 504 987 171 566 303 -97 238 107 322 239 356 112 448 546 764 893 882 366 370 256 95 
261 162 240 -17 284 348 128 340 144 300 -61 255 377 202 33 95 455 67 449 313 441 353 457 391 296 384 

237 193 247 172 409 230 58 191 163 193 415 250 67 482 667 197 502 206 142 347 117 354 627 345 116 283 
573 566 195 469 621 174 949 109 251 -28 1015 381 606 573 643 267 536 85 266 417 778 372 -52 650 323 23 
210 665 337 507 372 332 1132 198 570 561 1045 427 395 104 250 -146 309 605 464 614 99 447 306 1078 167 525 
711 743 612 267 256 467 317 902 601 327 887 805 75 428 637 101 521 77 576 671 277 757 121 365 263 412 
278 663 240 487 20 296 502 1057 319 815 806 200 530 548 267 186 108 678 708 340 65 412 424 447 292 193 
358 933 730 374 679 251 919 246 410 713 496 291 250 134 392 293 786 316 540 711 103 410 459 154 499 347 
139 754 600 515 351 543 404 366 501 688 457 521 592 611 521 250 873 23 -12 478 -188 247 123 642 -45 441 
605 612 366 769 575 -148 239 844 831 417 302 301 81 636 616 551 515 174 211 356 606 208 395 497 490 338 
393 513 626 34 662 304 284 72 694 440 10 111 706 830 142 363 240 195 39 619 652 236 12 534 680 405 
570 410 382 752 454 116 474 554 380 446 587 337 554 497 486 438 605 324 256 700 324 150 196 1058 758 664 
185 354 282 605 365 574 441 263 404 247 -37 482 602 120 131 735 648 264 334 824 691 77 -4 870 276 679 
56 492 95 605 594 581 189 400 493 230 595 415 359 304 140 554 377 560 194 405 413 348 235 1015 125 283 
486 -10 300 538 1121 314 266 332 795 617 -64 -36 624 401 357 566 738 342 347 87 615 335 654 897 473 340 
236 -21 -44 729 824 -1 289 339 482 278 67 492 588 466 641 -53 616 732 375 280 796 586 965 600 464 269 
110 15 592 725 255 542 758 247 479 483 473 388 647 606 304 695 448 474 789 109 931 451 719 564 442 167 
471 225 567 138 623 579 720 375 -73 305 384 104 596 517 602 576 161 482 520 859 353 82 267 230 294 27 
-185 597 660 389 314 779 671 -302 180 549 480 252 427 477 203 374 388 365 401 388 241 133 169 176 264 -74 
30 147 415 470 596 704 171 301 219 221 291 515 442 195 526 558 -17 23 471 324 356 154 654 179 354 289 
115 252 120 602 541 463 254 398 200 364 527 49 242 394 614 330 177 128 590 403 198 100 470 238 239 683 
-54 318 696 555 405 565 487 391 773 679 833 365 562 258 174 181 351 423 480 499 618 72 101 343 89 466 
53 337 481 453 387 643 544 282 753 618 223 176 469 163 691 420 699 408 386 84 643 474 349 534 599 285 
413 130 461 244 633 675 326 736 95 221 562 232 524 644 182 936 482 309 513 448 616 373 94 741 389 62 
450 467 693 779 426 637 623 339 356 57 372 695 610 449 451 159 390 136 603 1095 567 132 556 505 199 51 
279 544 901 421 341 208 481 829 145 65 435 762 808 298 754 398 243 463 845 779 832 655 380 352 282 311 
487 158 326 386 674 485 348 435 646 116 887 421 724 177 144 -88 215 516 665 710 717 176 139 340 464 561 
256 331 393 396 384 -32 307 238 306 9 358 453 154 123 252 296 22 499 404 468 187 127 83 250 -74 205 

156 284 512 367 214 281 349 569 44 544 282 401 147 456 747 773 237 693 138 409 488 387 496 90 327 -29 
457 777 868 749 726 726 1130 1247 301 950 67 595 586 524 628 858 487 612 429 836 175 464 816 517 717 339 
252 809 696 567 215 336 655 1010 795 674 478 444 316 1089 619 144 441 638 654 532 463 325 541 210 902 224 
490 514 404 689 351 485 342 638 780 766 1087 618 844 643 295 482 667 420 945 430 499 346 1021 468 583 140 
838 291 774 749 845 64 528 452 412 532 889 895 828 -144 638 756 163 568 879 605 336 359 792 571 579 657 
360 488 664 499 691 333 736 612 786 221 1248 721 891 592 461 1030 518 538 367 489 762 667 388 1014 444 429 
328 296 436 800 757 623 547 779 849 494 943 594 725 603 241 771 738 539 250 49 833 310 658 790 721 228 
451 720 461 446 534 403 546 116 496 763 544 574 248 674 828 422 700 718 661 654 543 813 708 832 698 207 
303 1033 514 597 304 631 494 753 255 565 516 750 685 169 1230 547 578 709 346 618 430 448 161 547 1127 851 
332 822 399 522 460 464 553 952 344 202 495 646 201 666 717 404 481 702 263 376 871 569 805 424 674 764 
410 207 561 197 1258 307 475 661 519 389 367 596 -16 885 413 442 841 712 509 602 452 464 1015 691 940 742 
762 494 489 382 806 737 481 599 325 583 444 978 354 698 410 341 1258 667 487 767 124 292 456 985 907 377 
424 811 534 842 666 1000 377 423 137 160 993 338 236 583 664 882 452 848 822 848 4 902 745 825 602 316 
133 536 625 554 405 525 26 334 501 314 944 -40 442 194 639 987 393 587 1226 1072 402 972 596 555 800 330 
75 432 466 374 935 137 863 659 964 624 878 814 518 351 928 742 598 620 535 978 1157 249 912 957 502 529 
443 478 460 356 395 198 971 465 -85 903 703 388 235 137 575 683 598 380 552 706 799 471 306 152 477 339 
451 238 452 499 597 619 446 949 614 353 744 75 513 379 687 199 526 309 485 473 687 500 814 425 550 613 
231 646 709 717 1007 655 590 782 356 337 -44 660 365 484 620 351 821 465 671 521 280 567 473 555 637 717 
254 529 435 555 815 124 610 426 773 603 147 451 383 287 308 583 696 147 435 1013 412 363 289 633 902 360 
385 981 595 218 469 540 367 612 856 474 879 638 588 298 239 728 547 457 595 1211 591 599 501 211 908 357 
119 445 773 712 580 736 682 591 1015 673 50 144 398 795 880 404 1001 450 853 597 738 598 191 417 533 448 
535 411 956 1103 346 584 819 289 737 786 377 280 243 849 561 789 682 544 847 442 729 757 440 614 530 825 
113 411 1033 519 290 763 886 338 537 553 307 551 321 438 169 831 655 1144 454 861 668 1019 501 567 449 341 
298 875 481 904 76 37 531 653 307 757 146 254 426 611 515 911 563 716 136 992 569 1059 440 297 676 431 
416 676 274 504 901 755 529 411 633 367 739 545 309 678 134 620 734 513 951 269 694 567 431 186 642 58 
317 976 328 -26 461 438 369 231 81 432 -24 789 197 469 131 122 395 275 660 177 509 224 585 158 356 270 

355 353 342 378 181 332 342 6 611 283 414 342 124 462 267 434 431 354 130 333 484 -18 423 373 215 -4 
341 701 906 323 261 1027 373 718 663 144 496 404 335 299 828 1003 297 331 730 388 797 661 675 276 395 421 
700 740 401 271 424 354 864 852 754 854 503 536 410 580 718 557 482 791 379 1218 449 597 1057 648 376 226 
32 714 319 341 357 221 637 1220 697 646 853 681 312 138 373 150 494 724 946 504 570 474 288 550 775 337 
409 548 257 742 275 90 657 312 328 425 995 1026 538 910 467 274 930 321 671 486 831 192 841 369 535 164 
156 699 787 710 512 554 43 666 696 956 777 632 955 331 657 596 412 480 841 325 508 308 456 579 295 454 
420 348 863 545 732 704 454 997 1013 349 974 943 721 628 705 595 853 662 568 209 756 759 298 937 776 368 
-93 749 949 240 778 535 638 499 518 496 548 691 900 408 556 639 557 626 474 840 763 534 876 949 511 790 
194 1002 775 302 860 679 790 448 805 255 753 1006 991 545 842 415 536 296 418 459 699 460 534 190 561 410 
283 743 759 958 645 751 631 609 150 793 662 301 488 685 571 358 582 988 701 391 174 508 772 927 683 596 
63 185 443 440 641 832 351 367 847 416 555 461 925 940 910 -34 858 970 699 179 514 339 509 735 761 801 
631 299 529 523 989 637 307 658 204 623 583 875 899 826 296 323 125 982 593 782 617 443 430 819 783 750 
90 757 328 662 673 548 984 562 702 576 485 635 464 662 292 645 885 555 376 1046 509 351 665 793 845 223 
468 911 287 674 308 375 535 337 1224 836 549 530 626 397 735 536 685 783 1039 1024 642 891 354 969 409 209 
108 383 271 349 303 712 167 808 735 697 1021 534 331 566 851 554 462 693 467 762 703 675 705 847 699 151 
568 298 310 446 398 513 616 478 475 534 918 456 234 420 619 398 449 986 558 528 848 658 803 412 467 392 
99 605 254 900 663 324 494 729 583 667 570 496 739 887 459 823 807 987 265 592 1264 529 681 498 657 568 
399 299 675 654 674 508 701 515 584 234 539 -7 309 503 311 948 650 252 693 639 529 661 809 914 714 43 
361 468 418 319 469 274 335 518 637 556 330 424 909 678 550 219 963 -21 393 421 473 536 440 906 453 885 
538 401 715 228 284 573 854 460 794 521 487 503 532 339 610 789 451 535 677 702 585 488 137 993 911 489 
-122 529 -75 847 439 686 646 492 688 721 410 599 686 323 730 816 902 484 457 1023 868 360 438 426 397 487 
170 128 773 653 237 534 833 706 457 428 582 703 1020 778 173 591 461 886 727 986 549 1076 401 256 377 468 
234 665 560 360 134 726 501 365 472 458 541 730 598 319 653 151 541 877 951 258 981 268 369 315 406 388 
405 489 487 729 334 484 230 821 307 270 211 295 298 712 594 354 1049 364 968 824 644 739 405 347 261 328 
468 762 538 461 160 804 666 373 272 669 373 319 753 499 360 431 723 1009 713 756 694 707 502 775 445 628 
258 696 899 320 263 737 438 165 401 33 394 205 189 720 352 480 308 -72 578 473 471 637 765 126 362 71 

408 401 668 691 142 436 299 706 546 329 216 345 252 580 560 786 126 466 546 790 528 614 388 235 -77 122 
118 1157 601 802 901 750 790 536 484 534 477 727 278 51 634 791 1105 696 174 706 241 716 405 364 1018 266 
270 696 497 597 73 686 744 705 467 964 509 841 886 1107 587 356 319 777 730 381 866 573 901 763 367 366 
462 641 554 647 354 892 585 994 728 479 617 656 772 521 255 431 417 669 408 850 681 690 889 494 921 401 
713 727 885 523 758 1009 891 395 553 569 881 406 659 712 855 1039 353 660 780 642 559 207 781 671 615 234 
732 853 216 310 803 600 681 4 779 531 1023 913 927 649 908 1010 572 961 536 520 607 283 913 476 702 347 
354 568 713 641 743 766 558 520 897 716 707 423 882 663 -78 793 835 1150 769 590 634 346 216 589 1089 290 
327 465 655 830 351 138 632 468 1235 391 546 801 800 620 435 488 363 433 761 689 887 719 738 736 1397 643 
359 483 651 583 743 867 411 753 409 623 561 549 964 715 559 781 508 803 178 156 613 822 560 453 854 776 
413 959 688 578 571 846 816 1297 573 50 825 464 1154 317 675 548 667 431 959 630 409 690 643 882 868 21 
63 687 513 972 989 654 547 823 254 861 278 490 792 97 127 545 565 1251 821 578 574 457 226 1063 1525 761 
205 563 657 631 499 515 504 795 483 371 270 229 803 508 671 647 476 721 513 313 441 702 573 537 752 623 
130 46 764 908 730 378 738 341 -48 582 530 137 387 423 611 609 951 713 1122 783 434 973 358 727 1020 101 
260 621 792 420 322 392 500 431 744 391 888 320 493 523 534 714 929 846 1036 961 1123 984 1032 776 863 311 
557 496 600 755 844 598 648 749 919 784 969 168 965 680 233 788 723 241 1139 759 547 958 1005 1030 867 246 
247 712 505 474 386 515 785 698 500 321 714 347 663 199 684 344 902 548 1106 348 682 885 328 281 514 698 
361 312 601 547 843 187 419 901 614 682 767 423 408 431 659 296 559 319 541 807 390 822 602 52 374 608 
565 294 578 918 1037 415 639 426 152 651 596 729 601 392 950 285 1004 651 176 848 677 624 312 690 466 302 
33 490 369 812 907 925 16 434 414 683 591 374 298 437 471 496 239 101 386 839 506 446 481 859 554 311 
482 169 268 995 290 553 279 524 721 817 292 1041 496 920 418 240 822 61 1055 767 678 829 471 459 906 708 
246 957 677 854 940 1213 618 645 696 944 381 452 299 731 910 987 1321 768 851 462 867 516 195 282 931 437 
487 499 929 424 765 450 818 829 770 679 982 368 429 930 293 546 1221 552 1370 521 906 1041 593 639 705 305 
509 319 350 439 291 749 615 335 450 494 551 377 777 174 631 295 1092 886 854 764 997 398 564 366 816 86 
510 455 1096 923 560 196 563 580 894 223 816 427 687 411 414 518 169 439 776 710 570 973 500 313 404 413 
424 582 599 697 782 495 897 314 716 245 714 692 314 683 320 172 1098 873 804 949 838 390 512 362 909 237 
213 515 280 613 436 259 345 116 260 136 149 657 645 -160 -201 340 459 492 383 364 517 379 -22 186 475 193 

125 185 230 303 376 54 307 276 477 296 -17 14 149 845 525 215 -45 445 251 166 46 -41 305 225 -205 222 
208 595 821 517 67 456 338 624 947 507 126 121 244 31 60 687 538 601 458 542 549 798 561 510 338 115 
326 663 439 421 397 437 417 79 348 580 694 4 716 70 460 -66 428 928 393 682 613 465 796 439 325 352 
84 105 286 641 189 765 624 304 444 117 134 681 516 521 -147 -48 628 307 121 -24 1051 771 576 336 250 175 
457 559 368 399 312 797 386 1114 -17 251 547 416 675 357 763 305 768 449 122 -122 317 76 389 563 -59 -81 
513 597 635 225 249 693 765 46 734 752 727 661 481 440 830 517 705 608 666 498 -10 445 204 322 600 150 
648 147 510 514 259 457 692 262 507 -5 774 439 482 592 410 229 259 781 470 556 526 546 267 153 863 673 
97 410 725 405 252 383 585 186 143 287 443 494 568 672 320 225 245 299 517 275 415 343 177 117 301 103 
208 154 547 358 410 316 574 438 609 37 144 872 559 874 445 671 586 629 631 528 240 381 839 577 692 414 
517 399 285 274 281 285 181 533 396 135 332 330 454 266 458 241 535 339 538 651 63 112 426 596 630 136 
253 208 470 423 517 1005 299 527 698 530 442 502 680 267 529 611 384 744 542 532 31 347 734 896 583 849 
124 346 338 541 262 311 789 343 216 93 560 322 1140 375 588 647 -49 435 812 695 139 -44 640 472 453 379 
213 -59 366 551 288 148 1033 690 139 657 809 352 743 731 391 340 392 332 282 622 1149 313 498 715 322 241 
592 368 123 889 329 309 905 401 657 1041 367 114 170 383 859 311 -127 420 710 658 786 1006 124 452 681 -97 
-6 544 480 464 308 492 248 364 673 496 521 568 388 592 596 640 594 221 305 267 340 676 890 421 525 129 
131 497 -267 574 553 712 926 229 527 352 383 176 414 -73 357 559 379 800 576 186 419 510 503 372 171 478 
269 426 389 414 555 116 273 416 331 583 286 6 154 165 286 24 562 493 174 60 565 293 346 309 401 428 
182 528 496 715 421 417 302 752 492 408 552 184 76 508 451 373 260 698 394 474 582 358 754 322 338 399 
-22 362 49 444 881 413 684 135 779 481 734 -132 -170 427 531 197 596 618 247 396 387 187 256 808 496 157 
335 -2 -190 585 -47 331 469 589 216 476 336 754 307 302 739 642 194 -70 619 113 421 667 425 363 365 512 
261 420 260 -104 960 664 408 81 808 534 225 701 211 -133 158 658 416 222 242 397 702 640 71 313 276 189 
336 558 383 741 208 -9 481 406 686 716 356 473 810 664 580 844 1030 692 943 376 330 377 106 45 460 278 
153 361 164 -29 -280 160 390 320 354 615 601 322 803 207 276 456 1034 685 733 204 445 469 127 581 523 333 
429 456 526 512 365 435 -47 464 636 502 347 459 69 175 392 396 680 336 136 671 608 895 416 259 -9 301 
261 223 316 447 -118 434 834 131 754 482 458 269 59 28 303 580 364 568 283 514 436 750 63 62 510 284 
48 201 315 772 94 474 418 75 -30 318 235 189 202 -71 342 353 179 -90 494 176 378 508 576 85 246 135 

413 590 501 270 503 839 697 439 252 155 767 81 454 620 386 392 467 70 257 391 239 349 612 497 270 279 
988 524 186 640 414 957 1006 501 89 350 721 503 369 533 456 590 784 835 614 700 1172 657 792 540 437 404 
742 693 771 501 577 831 941 640 506 677 419 457 858 534 519 437 609 681 452 734 332 579 92 247 322 166 
486 675 878 273 284 361 587 358 833 258 888 462 522 66 321 644 502 899 317 746 511 360 512 599 397 489 
774 1006 527 643 597 234 1042 284 852 729 778 996 797 1072 503 742 795 463 783 454 666 272 573 336 708 661 
544 881 195 363 708 465 271 709 423 1088 717 609 680 933 482 734 729 342 389 473 168 578 1092 557 42 305 
200 535 701 723 685 442 791 811 90 898 410 571 888 437 306 1039 675 15 856 297 357 608 845 1198 223 439 
761 692 595 544 687 436 608 665 849 671 457 762 770 1080 349 425 602 683 1128 722 164 152 755 1071 604 287 
955 636 896 317 603 298 584 376 149 654 225 466 924 556 209 520 606 439 509 231 542 372 520 898 1289 425 
560 379 250 812 428 725 407 708 331 348 658 502 813 848 226 875 668 575 789 733 758 177 766 738 887 511 
439 101 484 1109 602 277 862 864 643 -68 786 359 726 941 492 878 592 -207 741 583 213 290 663 1095 781 457 
643 70 1302 767 209 612 680 736 661 750 480 513 -279 878 358 1066 1082 835 387 634 246 764 824 687 552 343 
343 540 561 707 852 763 919 761 548 526 704 49 536 618 488 497 621 678 512 695 498 628 1172 746 651 339 
137 440 726 394 642 337 581 837 564 339 967 374 595 672 215 409 1199 872 447 860 687 744 949 926 20 486 
490 303 311 1004 1070 666 729 638 365 409 535 390 341 353 444 188 746 959 622 1020 820 935 280 545 71 77 
497 595 1327 587 898 733 312 290 209 487 792 471 206 741 824 710 608 494 635 541 909 778 500 733 715 519 
334 807 885 304 588 863 858 325 774 410 1053 -157 383 762 401 746 218 882 360 833 444 153 479 348 832 233 
426 463 799 306 781 897 547 292 422 493 113 301 556 519 534 382 286 785 86 691 652 326 626 392 130 340 
170 811 590 130 616 555 383 674 830 600 -122 622 844 590 877 954 562 463 316 747 170 707 662 529 67 413 
121 712 558 193 908 769 990 644 1119 428 384 630 425 483 748 562 115 890 664 817 794 748 489 629 658 308 
127 822 474 974 453 641 438 835 438 905 487 335 845 489 1005 525 722 594 681 1042 389 146 151 670 693 -84 
660 941 403 143 711 364 791 948 714 424 533 1020 745 398 634 1027 414 784 593 323 458 547 266 174 888 715 
773 644 689 268 624 994 532 485 740 314 227 754 447 523 674 1247 356 992 712 951 710 625 633 382 421 175 
530 456 521 557 50 730 855 331 251 460 480 673 1286 482 507 647 487 907 858 470 541 638 217 494 654 271 
520 959 607 475 688 598 275 714 380 236 820 245 515 386 432 408 435 281 814 1103 342 884 71 540 472 241 
527 300 74 331 559 190 120 189 247 146 479 432 241 342 349 -99 249 568 -10 698 639 380 -137 219 350 227 

246 425 389 112 462 543 629 346 439 -46 36 267 313 865 557 294 283 110 319 553 358 294 465 415 238 56 
580 925 417 662 701 657 247 245 642 229 937 325 150 43 524 1014 477 871 901 991 1167 1070 619 644 670 183 
287 863 485 475 473 581 655 361 434 618 748 1014 931 794 739 495 502 171 455 443 352 753 983 280 510 303 
593 970 319 -34 -306 760 430 207 619 234 623 148 803 89 461 203 605 620 84 229 854 904 938 424 551 27 
645 294 669 1005 199 599 932 476 1156 436 1116 553 1023 862 651 544 879 429 541 178 736 142 1064 312 260 170 
746 795 654 168 566 153 419 -20 811 378 821 831 762 640 898 404 558 752 728 570 430 369 917 356 734 209 
802 337 332 674 724 481 805 840 629 694 965 725 481 555 992 377 649 487 200 570 929 485 414 663 772 219 
525 899 450 816 935 449 520 506 509 577 611 886 704 1211 434 1156 1196 1083 757 480 733 1095 221 697 757 480 
479 346 543 386 543 158 666 115 596 68 527 545 746 580 399 346 752 583 685 502 341 709 475 822 1035 572 
452 855 960 881 350 768 451 548 585 771 449 844 869 829 469 679 467 641 913 868 870 331 475 830 593 491 
31 681 353 437 822 994 975 457 187 480 550 543 1212 816 407 740 599 567 216 369 675 508 659 1120 339 474 
114 305 869 997 669 721 681 267 342 653 474 638 641 637 708 556 722 887 1076 548 406 628 460 1021 215 218 
329 520 260 872 812 528 646 573 817 596 342 919 711 605 557 563 825 613 360 484 582 282 1016 812 476 556 
404 808 728 579 234 293 457 541 192 507 993 510 687 633 714 968 863 571 1013 497 828 730 578 518 259 220 
-53 546 517 738 450 715 495 700 599 853 514 412 784 471 503 542 813 623 534 1138 569 710 594 213 316 75 
151 264 188 959 566 636 660 267 696 667 251 31 587 225 496 231 816 375 518 556 893 857 610 778 446 498 
247 808 889 430 380 558 733 427 197 490 647 278 738 292 128 468 822 361 945 418 312 178 397 -36 563 240 
548 468 415 638 1039 223 1082 453 631 418 856 51 522 634 696 815 389 506 791 295 699 577 652 962 562 687 
4 371 -46 924 783 254 318 565 468 541 1117 381 802 633 1131 104 686 515 669 481 567 252 384 339 -2 430 
286 -29 363 910 920 194 624 448 748 730 356 811 838 326 700 704 564 114 591 430 358 738 623 972 462 512 
474 715 457 286 496 845 728 644 513 403 672 263 54 252 513 855 1148 439 879 337 301 436 398 848 114 349 
301 654 41 251 237 295 654 558 641 859 324 571 813 565 867 529 1077 656 975 665 522 786 -87 443 881 454 
402 860 532 663 866 640 110 233 389 629 598 219 477 672 640 436 666 760 630 870 1153 917 865 598 1066 532 
395 555 687 601 504 1018 285 364 584 242 749 836 1034 569 311 323 642 862 1071 514 842 789 25 172 400 -287 
695 600 647 758 124 320 622 326 539 475 -125 568 295 340 488 554 540 495 968 1080 1106 647 494 663 338 323 
417 152 166 587 195 343 84 453 486 255 32 445 421 283 22 471 376 138 593 489 251 386 189 229 643 -10 

213 379 132 309 5 434 184 458 58 479 213 293 195 220 264 523 185 322 307 161 24 820 362 186 142 327 
276 128 766 200 855 553 787 604 342 586 277 666 314 404 588 150 -82 425 80 292 184 271 85 425 351 231 
510 525 598 128 771 138 395 504 656 807 5 587 -132 520 177 280 531 277 531 411 1192 388 714 -51 339 15 
-46 604 716 236 554 591 688 568 367 804 427 326 982 367 516 216 507 861 326 461 473 -195 -59 77 123 377 
303 244 551 273 221 382 592 534 520 411 388 294 457 148 182 283 630 715 404 916 267 678 -200 214 573 360 
522 349 576 837 418 618 573 -100 704 496 777 112 464 598 202 561 293 -1 90 369 147 420 478 546 736 -142 
491 66 48 449 679 372 937 411 780 627 614 144 339 826 537 713 392 353 -63 275 575 207 398 -243 1000 154 
148 436 490 751 55 647 494 217 236 688 30 371 476 483 303 420 -56 417 590 127 819 918 346 352 406 286 
486 226 423 570 374 824 588 350 469 293 589 373 637 538 392 187 451 399 800 -19 100 79 28 658 582 96 
261 664 251 104 807 424 391 438 289 93 256 487 613 479 237 361 419 576 583 738 105 537 574 799 833 -55 
-1 520 137 145 631 132 584 80 545 137 220 548 564 342 315 365 618 365 267 531 315 507 227 149 530 298 
182 327 711 851 400 453 162 144 726 543 201 610 230 111 354 284 550 429 627 322 234 688 325 685 738 168 
211 273 453 708 164 301 81 514 -88 463 247 715 173 548 61 704 339 618 737 485 298 1084 302 251 641 293 
427 -2 775 162 59 8 400 527 482 425 72 787 929 852 612 -92 841 365 667 389 842 605 791 621 187 209 
-180 225 447 703 568 274 647 367 60 102 455 710 406 497 225 255 505 362 960 654 443 566 525 271 392 347 
439 141 672 358 251 335 405 103 569 651 324 620 708 65 281 374 709 199 782 543 416 388 84 592 161 269 
214 155 286 624 739 843 248 469 159 839 638 523 463 269 338 309 762 881 373 555 277 265 28 457 374 411 
389 337 443 520 -77 2 383 7 171 690 553 -169 131 371 228 484 531 440 488 622 260 257 96 600 561 -81 
119 263 467 814 261 631 60 544 262 748 123 453 400 244 513 469 250 314 548 439 400 573 420 363 358 139 
377 475 438 245 838 382 116 1052 407 682 249 -11 324 386 250 513 702 589 399 151 402 801 594 370 247 237 
55 635 114 668 445 705 500 829 233 471 649 269 451 379 684 411 657 446 399 520 827 458 673 208 920 113 
374 728 622 563 754 438 443 418 718 347 739 92 506 379 652 207 535 -23 483 755 730 159 310 717 492 -120 
384 817 1029 866 498 491 456 336 221 390 471 772 458 703 561 497 457 281 824 407 385 332 65 153 247 324 
159 449 565 289 743 293 1014 -44 381 457 382 681 6 405 873 374 296 781 548 521 146 460 496 228 493 412 
150 331 251 493 709 355 300 478 830 377 255 211 619 277 254 301 509 648 -204 386 493 124 14 597 671 457 
130 417 164 56 291 237 75 334 378 269 248 234 198 123 344 234 252 -90 -124 207 417 204 88 135 396 242 

437 491 680 649 681 464 756 265 746 418 338 225 664 617 867 517 663 748 647 520 459 791 608 250 558 215 
616 868 1136 776 986 1024 1570 1141 620 1014 514 712 610 374 886 781 1220 1139 762 1019 565 1013 937 1209 746 628 
536 651 1124 756 673 643 880 1332 1086 1169 1102 767 454 1017 863 438 1107 562 966 1476 1103 1728 507 801 1041 413 
595 1255 1044 745 741 657 757 1070 960 1061 1292 1170 903 1151 124 358 674 1071 1120 534 1252 848 660 998 748 383 
906 1093 1015 795 908 628 1501 731 1028 963 1083 692 1403 1108 795 795 781 766 678 865 657 761 326 553 948 634 
271 1337 1072 989 835 1013 899 737 1133 1468 695 1201 1198 1531 997 931 878 1117 871 497 966 1122 614 703 840 591 
462 750 1093 1048 1073 1286 1383 764 934 1209 1013 1007 963 1226 753 903 941 822 680 746 616 896 888 844 1067 648 
748 1094 868 796 1130 682 1217 683 1007 371 710 1192 1223 954 851 835 678 1023 992 1027 652 721 909 1089 1049 480 
256 762 686 519 835 658 590 925 555 965 262 803 1091 1372 475 969 1107 891 1203 871 351 761 388 1486 1224 850 
718 1050 940 899 574 657 927 1174 956 785 911 710 1304 998 711 716 739 954 1316 790 1073 828 518 1296 930 425 
233 497 939 712 1215 896 540 962 1168 534 1101 865 725 891 659 972 717 1217 1290 640 547 822 961 1212 1472 894 
714 794 1134 913 748 1070 931 752 962 763 715 936 936 1235 539 939 953 502 713 690 996 914 1053 993 1189 769 
269 548 811 1163 721 1067 616 708 1080 709 951 715 770 915 658 813 1079 954 1134 1158 821 1120 892 813 1196 990 
583 301 1139 1163 682 1047 587 932 1273 982 789 723 699 1097 635 1170 917 981 1044 1118 1163 1278 1563 914 416 857 
600 508 1011 967 1115 642 246 928 770 1111 1016 952 820 744 1004 688 1053 627 1126 996 1258 1108 1066 1291 605 486 
532 659 628 672 1050 525 640 1264 426 907 1146 740 694 448 796 768 1496 823 751 1255 1163 794 753 1099 878 465 
529 1084 614 953 959 1252 480 839 389 1120 806 466 786 266 459 748 870 674 476 423 969 592 647 523 910 529 
288 932 461 505 692 1527 720 1106 879 954 741 681 891 862 820 738 1001 1142 569 499 137 666 753 869 730 986 
-84 900 645 1120 945 942 810 640 849 1184 1116 219 870 862 763 948 722 1145 599 677 983 575 517 502 1033 562 
-99 443 718 1001 166 795 548 931 601 969 927 1158 507 858 1064 427 731 1128 751 876 936 1003 629 438 841 897 
787 669 807 985 1009 860 1005 1180 731 1127 1002 915 408 968 998 878 1243 1123 569 952 951 864 661 746 953 456 
865 836 636 938 646 518 1042 1362 1215 1035 557 685 697 1376 1149 1064 1276 1034 1226 897 950 656 905 597 458 837 
574 749 1347 791 789 721 527 892 795 899 756 1378 991 774 1031 700 1223 1241 1135 1025 1161 860 1112 585 931 656 
901 1217 1189 959 886 865 710 1103 1137 786 730 883 1017 757 403 776 649 1047 1097 1204 1106 957 971 380 326 654 
442 893 972 485 895 845 1025 580 724 433 906 436 492 501 778 329 620 1154 1211 1208 532 998 766 593 801 547 
385 555 962 460 772 501 550 643 533 332 702 544 685 428 786 250 360 536 746 549 604 848 558 928 328 398 

297 313 407 249 497 405 266 401 416 279 194 308 687 426 415 547 76 408 403 385 362 253 574 -18 181 8 
281 661 380 323 -177 506 662 676 890 415 198 449 642 301 458 582 363 713 547 43 67 510 443 76 841 -134 
310 969 299 17 747 483 428 867 1020 30 245 516 298 262 867 47 359 507 620 197 663 368 479 377 536 285 
125 111 301 434 483 560 681 455 341 102 530 776 295 343 48 225 764 517 514 387 772 170 384 347 332 291 
-275 562 584 457 643 860 128 740 120 681 394 329 737 476 641 608 832 355 145 340 527 451 144 417 301 144 
479 225 740 445 420 988 621 380 605 233 516 453 668 477 639 645 698 288 233 542 564 692 51 565 682 99 
330 356 546 351 749 503 530 735 714 426 383 426 213 411 704 559 621 411 620 395 371 702 274 590 622 572 
559 479 415 38 480 875 401 271 246 293 474 770 672 854 677 395 512 488 268 514 195 515 577 729 434 -75 
306 524 364 406 805 414 897 468 63 215 846 449 242 730 399 573 364 464 390 620 89 237 862 796 545 265 
243 269 1127 353 301 534 686 493 877 213 408 515 615 543 306 416 274 555 977 349 55 263 927 1055 597 250 
240 405 373 389 583 786 480 62 250 766 376 233 363 475 170 476 138 859 289 36 186 828 851 723 279 590 
278 572 522 634 324 463 189 76 609 185 324 346 522 497 491 616 385 916 206 366 934 406 685 397 648 197 
201 491 401 546 520 289 461 193 763 402 488 935 574 127 396 286 663 816 378 1150 944 489 605 427 564 300 
264 803 190 705 264 700 -1 206 777 891 156 759 322 584 928 593 557 615 591 647 971 891 415 242 389 18 
249 279 497 148 257 610 360 499 447 99 738 370 569 515 518 -257 581 522 418 478 821 297 721 -94 455 376 
250 184 517 605 147 775 516 324 713 497 743 210 374 713 329 279 691 887 447 220 864 324 498 569 352 61 
459 291 473 720 515 803 553 456 509 369 181 291 508 246 364 667 815 759 516 235 588 510 169 665 202 -174 
462 830 141 821 371 519 225 410 96 22 330 307 355 245 458 135 699 406 319 503 716 527 431 406 423 100 
51 549 668 554 276 777 979 195 414 741 583 34 222 573 167 132 457 635 347 521 558 226 366 583 439 -43 
382 513 630 616 144 511 656 641 455 143 -55 429 66 560 790 229 902 516 524 693 260 459 660 511 303 403 
513 338 538 363 307 843 973 478 961 211 245 186 545 662 307 873 368 757 52 609 721 595 373 225 386 -39 
422 680 664 745 532 879 423 479 520 449 356 637 302 834 599 61 399 339 293 813 751 449 579 206 381 256 
444 608 676 714 637 191 412 628 393 291 205 94 437 439 474 482 543 628 792 490 495 350 136 407 601 176 
603 348 441 325 713 273 530 781 688 289 640 306 445 200 299 303 819 280 513 373 213 349 524 218 752 182 
582 581 708 129 330 377 824 221 421 474 381 15 231 658 791 64 516 375 874 537 762 415 425 -77 930 292 
15 44 397 356 250 332 412 98 557 296 310 -86 479 19 518 55 270 158 -103 -62 314 445 276 23 234 18 

463 639 627 549 364 1013 113 664 474 64 331 198 945 1041 603 801 430 851 642 413 629 980 529 293 267 402 
627 458 1074 533 892 916 1060 1159 873 433 789 530 772 746 777 797 840 765 832 795 772 731 1014 851 362 533 
609 1215 980 853 976 892 970 966 818 1238 823 1138 572 241 753 880 469 1311 741 929 968 749 695 1229 1005 155 
369 1172 604 491 482 611 704 1022 940 1086 998 1093 896 998 580 609 888 620 1058 948 645 913 401 750 728 396 
651 664 1058 832 976 747 921 805 910 815 838 766 1062 1326 754 910 885 1049 724 1031 461 697 805 681 814 219 
741 873 739 893 881 676 870 1217 1444 1002 1147 573 889 587 1141 793 714 978 554 925 423 520 655 912 631 364 
503 875 908 864 857 1070 753 1077 837 1289 884 1172 762 1134 537 1249 992 1277 581 735 562 711 899 644 987 539 
761 996 840 741 792 407 578 709 504 502 1032 754 870 658 664 972 720 1137 616 428 556 353 1086 868 932 338 
494 815 826 868 756 1276 554 824 857 569 467 1236 1356 1139 559 885 804 1054 864 454 686 677 602 1180 1496 723 
287 857 688 702 417 497 1149 622 1119 521 522 329 922 877 854 578 645 811 1077 691 428 1027 818 1242 995 697 
290 528 918 627 1008 1234 721 1300 525 1178 616 636 571 683 1080 540 569 970 705 668 972 541 453 1043 1306 874 
287 965 636 840 1300 658 901 1366 720 943 726 617 639 597 878 655 794 1215 903 872 882 714 770 789 1583 635 
758 593 536 1010 1062 837 835 596 1108 901 226 428 1153 608 703 795 525 108 1458 865 1117 964 917 677 1328 647 
424 416 1174 1083 977 1017 751 747 824 878 680 262 890 547 601 500 1219 1105 1105 1082 1119 1438 1131 824 1068 411 
348 365 1006 790 674 844 574 815 1083 1017 886 574 855 799 913 1183 598 499 1223 770 1161 1133 861 1120 644 526 
757 495 754 928 1203 856 640 929 1003 628 781 820 467 863 492 762 1178 953 954 858 702 711 624 886 556 346 
519 293 600 745 773 877 1021 678 371 1181 753 672 424 577 822 942 739 688 418 494 913 655 359 665 781 127 
428 439 532 869 408 806 828 751 612 362 312 709 886 307 954 753 835 668 869 843 239 775 772 424 874 523 
263 667 149 1034 1033 663 961 961 975 1116 1060 654 992 979 616 684 744 631 628 1168 787 486 500 738 719 648 
353 202 1080 792 153 856 951 1093 1053 662 751 841 1058 1213 707 707 912 1135 1023 805 844 641 379 574 909 475 
650 219 614 556 713 622 399 1166 893 854 591 829 921 875 1038 944 1045 569 1374 835 903 754 660 285 584 932 
879 847 1082 907 607 519 783 905 1000 436 775 644 935 1119 802 910 798 1345 784 958 1304 913 812 915 377 400 
158 734 943 739 275 359 992 328 942 908 772 969 564 1191 993 680 1433 1396 1132 1012 1035 784 1014 590 1318 275 
564 672 1133 284 835 794 552 1110 895 518 850 712 889 530 431 530 850 736 810 1075 1174 1093 715 806 406 672 
721 832 1015 389 774 947 944 951 661 659 863 544 680 151 686 429 620 982 760 933 990 959 638 231 729 494 
-176 556 933 441 490 461 572 515 580 158 298 281 203 324 543 423 201 492 728 315 519 521 495 398 284 220 

370 514 761 476 150 475 807 460 695 720 132 293 283 647 744 762 177 210 367 741 287 594 403 138 149 -4 
811 617 441 259 779 1138 455 461 807 454 331 720 366 286 516 528 860 869 526 259 722 509 669 666 591 392 
231 399 733 432 596 350 896 703 611 525 622 446 702 655 479 421 174 278 883 939 627 767 422 460 560 309 
509 1062 606 347 -25 405 315 785 469 151 668 599 378 167 201 240 889 828 606 986 893 572 718 773 512 319 
355 760 411 524 664 399 496 -142 801 708 732 1109 355 1103 528 686 401 966 554 432 268 416 300 423 1102 322 
71 1053 688 159 389 757 173 690 943 705 768 858 1169 393 486 826 412 653 501 712 518 489 547 581 757 483 
222 194 840 833 749 746 707 1019 881 515 732 512 711 603 404 383 849 797 209 565 834 678 643 664 536 405 
338 984 857 366 783 343 215 395 496 -6 250 1162 928 340 701 626 1028 818 991 539 461 496 622 838 643 493 
327 778 600 113 170 767 109 506 529 564 366 953 537 915 483 234 552 658 958 547 663 269 363 693 972 651 
260 658 1053 754 856 200 861 447 259 554 419 218 824 1071 142 722 574 874 786 436 248 285 796 1097 1046 640 
-16 109 219 494 480 571 886 518 228 424 926 577 426 795 716 512 509 832 547 173 484 530 301 695 839 652 
563 407 885 601 867 746 450 79 366 617 245 783 426 866 464 720 388 780 677 813 504 204 21 821 675 348 
217 887 125 840 492 1139 487 596 668 544 632 292 696 822 591 579 1007 310 515 1018 911 940 674 881 767 326 
84 583 810 450 507 555 483 784 588 950 730 773 876 441 973 382 585 1119 845 414 925 1062 423 609 551 274 
444 421 437 644 494 734 632 390 334 924 743 797 141 717 548 718 526 278 604 782 786 828 876 361 193 120 
552 554 432 659 315 735 410 550 849 809 545 -21 462 277 628 252 814 948 562 385 743 747 590 635 688 676 
553 861 817 762 722 656 653 905 392 141 699 647 445 502 40 598 690 587 262 29 981 368 235 570 395 531 
368 474 580 355 964 989 426 743 622 764 375 271 279 472 758 711 521 334 471 363 615 690 403 594 493 224 
314 254 81 271 428 567 483 518 584 848 416 423 809 645 663 262 400 322 415 767 818 530 339 876 307 585 
268 752 708 1064 667 369 540 705 1028 637 331 578 339 687 731 559 717 935 487 414 394 397 369 773 519 177 
129 779 481 686 359 542 948 356 651 724 307 332 668 382 875 657 911 483 165 805 975 784 348 288 635 516 
654 135 680 468 738 409 565 1099 275 371 597 397 406 931 351 602 340 692 1114 728 548 710 964 638 537 590 
352 711 450 691 240 648 599 430 719 633 478 907 407 465 673 172 585 917 602 840 948 582 653 250 399 888 
466 183 888 683 -142 241 811 449 681 471 712 490 859 705 338 375 327 834 960 782 208 1103 275 355 389 249 
509 570 423 296 667 425 653 323 748 719 624 241 673 217 511 363 747 687 785 289 791 543 632 216 689 395 
54 288 509 283 176 311 275 739 548 352 174 207 309 161 236 133 519 23 363 327 33 521 274 337 185 175 

354 461 463 227 314 396 536 610 281 416 293 148 -29 229 375 329 346 349 320 510 425 364 406 559 199 173 
549 578 548 369 464 405 1029 493 492 721 429 489 643 511 601 504 564 675 573 490 1013 466 451 29 214 213 
276 575 697 749 263 699 517 684 398 737 354 641 322 588 464 302 498 262 184 967 690 414 314 490 277 137 
613 783 752 658 694 796 445 723 431 295 509 600 763 474 350 767 530 370 523 556 718 638 412 158 651 753 
544 561 550 615 264 183 665 128 577 887 862 982 771 840 483 474 296 689 609 733 335 632 701 410 443 323 
314 339 647 566 576 633 750 334 356 696 856 545 526 692 448 708 593 709 433 383 637 497 951 789 637 284 
104 535 399 782 717 603 596 815 708 699 694 601 593 629 454 590 224 959 492 135 602 183 355 789 646 492 
533 774 890 905 425 569 739 -203 622 761 381 607 728 614 602 751 742 227 967 603 898 521 697 231 171 424 
266 582 507 214 358 425 111 635 458 402 657 763 383 747 656 499 810 762 787 256 552 414 368 723 729 270 
495 768 261 852 639 444 316 549 48 269 584 379 679 450 788 445 687 380 623 914 251 552 301 577 1265 765 
7 463 740 526 475 632 531 348 706 527 513 744 836 727 632 613 765 664 441 333 774 501 442 1041 577 647 
286 387 458 817 821 706 531 352 296 808 424 371 312 476 300 1046 743 642 617 902 370 588 340 391 899 229 
235 109 478 888 482 122 669 715 508 549 430 472 669 710 852 208 641 731 762 313 407 536 615 982 478 358 
427 432 655 448 578 235 577 432 755 758 671 468 328 478 587 378 608 536 741 811 633 1007 415 780 662 289 
139 436 363 936 864 628 494 650 407 332 586 525 359 845 328 778 780 784 691 932 994 576 396 878 744 364 
539 692 892 390 333 330 564 212 345 527 398 355 615 -51 644 692 302 549 319 550 623 899 98 515 410 636 
229 310 601 463 510 1039 593 982 653 660 681 188 300 797 593 470 683 863 622 530 378 35 748 374 582 447 
479 380 744 912 788 181 678 326 456 501 278 -91 376 296 526 491 599 221 466 730 217 672 216 703 562 425 
257 276 526 479 297 703 599 499 632 669 532 436 282 498 697 587 234 341 596 240 526 819 455 570 440 555 
221 434 391 690 981 1026 -58 616 425 785 660 595 457 54 884 963 253 636 565 611 522 505 479 545 452 -88 
313 834 642 612 407 492 662 1171 890 495 150 625 545 656 560 500 845 325 649 300 342 381 426 228 614 480 
399 516 607 321 551 511 525 775 535 397 817 594 521 275 484 1258 636 452 848 1029 858 300 141 816 685 305 
248 641 691 641 190 547 898 539 151 272 61 455 356 477 766 382 694 558 1046 636 866 604 612 223 476 558 
210 656 705 438 582 644 561 412 659 341 502 383 597 225 512 910 383 463 577 419 352 836 670 704 560 315 
498 672 452 202 359 377 477 599 844 527 854 249 687 519 735 411 692 639 562 491 990 371 123 455 430 619 
212 531 285 -29 383 418 378 28 386 333 142 79 -4 321 43 278 272 -156 243 518 332 207 361 -139 347 169 

-127 258 538 480 178 283 314 618 282 317 534 8 301 314 269 343 4 -13 469 83 166 308 317 490 99 273 
450 293 -74 -139 -121 182 255 228 504 490 502 334 602 257 545 38 34 723 628 476 494 332 523 375 283 239 
-235 -88 96 126 115 124 251 364 310 449 434 598 367 226 -17 49 -42 269 29 77 432 234 59 320 202 -27 
3 667 340 788 456 157 299 67 122 267 389 234 184 -33 438 158 631 132 178 186 349 398 416 383 575 221 
228 529 678 631 384 797 195 237 756 495 447 650 730 624 676 189 155 -487 -145 253 150 521 549 34 348 247 
325 -143 172 118 -78 83 420 667 469 252 58 279 507 165 447 606 685 707 555 531 727 464 217 111 26 403 
284 177 130 448 371 372 175 205 158 -93 -111 377 34 384 366 -116 -281 517 547 317 330 292 515 581 341 113 
234 756 552 196 301 469 55 95 386 198 -97 178 779 539 321 362 274 204 334 297 399 -43 336 220 276 238 
129 43 101 202 -86 -405 65 -63 713 -6 -6 288 283 133 192 233 14 468 633 690 391 267 520 422 527 178 
140 603 493 220 175 218 234 418 462 388 173 23 155 237 338 129 0 498 348 76 227 392 23 112 -61 804 
89 -34 26 791 632 221 226 107 46 57 603 580 718 31 215 201 90 312 163 317 493 310 263 521 482 507 
-130 380 196 91 272 117 518 405 -93 268 280 -81 345 43 477 760 269 59 158 444 645 358 -193 60 427 95 
-180 294 1 277 140 15 324 262 607 24 364 313 353 623 671 449 266 211 465 79 298 134 335 443 435 157 
103 228 176 -155 131 211 106 499 223 566 475 316 154 -180 301 297 -284 -69 408 260 175 393 92 158 395 102 
238 322 56 121 610 341 474 356 521 276 562 534 -171 37 -151 564 245 264 349 194 77 233 262 316 182 347 
-41 393 379 444 474 133 143 226 99 51 178 -119 -38 324 172 310 658 659 117 -158 415 60 -40 36 114 523 
245 493 219 95 219 -94 311 716 124 582 274 386 178 219 605 91 98 279 193 -146 0 188 491 102 122 117 
-46 213 171 225 234 102 437 33 282 -5 19 27 179 113 93 44 487 -149 -16 318 103 259 232 -33 50 227 
100 76 -4 -88 52 368 335 382 320 579 398 229 87 346 484 76 571 325 -142 163 384 397 -2 14 551 538 
-49 -65 110 71 613 613 105 255 76 224 176 191 176 146 309 178 298 200 455 182 359 237 40 154 484 221 
186 498 506 388 420 1 167 405 251 388 82 -31 568 343 -30 282 -61 15 -119 155 170 153 365 -214 52 408 
92 327 375 305 95 -47 7 133 -16 340 392 522 424 245 167 185 425 610 -3 315 -11 411 -95 148 272 251 
-18 43 65 248 203 10 266 402 408 166 -71 98 -196 389 -92 -157 352 311 762 387 286 323 613 134 44 217 
285 121 179 536 337 106 307 618 97 256 243 475 785 202 9 196 311 78 235 291 260 396 464 309 77 224 
199 563 -24 92 -10 442 253 138 -221 391 263 368 104 403 254 313 198 573 663 206 72 185 485 -34 -85 365 
-145 -57 -11 148 28 32 -188 -34 89 -272 90 303 257 55 -103 -221 32 -238 224 5 -198 -142 177 10 -13 -233 

47 357 122 279 446 312 498 225 192 202 677 167 19 41 527 678 406 282 88 346 611 216 709 690 229 539 
368 444 313 814 297 421 930 241 324 325 345 223 664 690 627 494 484 60 916 742 440 424 534 349 1 181 
356 579 587 665 365 251 429 592 -119 599 914 660 695 299 96 697 481 344 451 667 300 427 417 796 392 301 
673 626 669 431 761 235 625 394 423 691 841 641 486 613 805 118 367 639 772 198 95 614 361 504 549 360 
231 738 243 505 236 104 639 794 648 500 841 793 462 362 768 606 404 658 520 234 685 542 623 250 205 474 
17 857 851 668 550 363 460 813 114 615 500 272 381 557 388 190 357 239 547 578 137 757 829 779 373 179 
274 617 298 377 682 453 482 603 323 784 735 795 793 554 769 609 378 355 302 599 224 20 356 611 345 544 
296 519 670 508 507 209 279 333 1053 798 294 278 341 382 352 530 775 452 430 592 635 790 -40 337 590 714 
203 110 624 598 411 404 444 471 450 960 -33 257 509 811 599 387 241 628 545 413 100 291 610 654 531 599 
278 423 777 877 798 330 277 265 32 287 717 366 676 646 745 366 507 627 98 366 867 564 445 462 1000 606 
345 -47 280 362 779 622 421 719 433 -74 314 447 995 629 425 319 267 231 749 434 721 261 710 308 404 595 
228 537 216 579 517 562 335 310 790 344 511 242 100 336 322 855 679 678 762 986 164 285 774 642 604 543 
-84 158 599 632 606 258 475 296 907 104 83 362 378 414 953 643 476 957 404 269 150 414 749 429 495 546 
105 477 358 594 187 196 613 613 596 13 556 839 345 695 430 528 277 604 345 916 669 549 577 705 618 443 
33 326 362 652 317 265 468 289 510 495 589 577 118 463 433 324 657 466 609 1297 433 514 540 728 634 277 
544 716 111 528 578 231 461 331 432 404 444 662 324 165 462 342 87 527 446 526 597 257 596 383 559 461 
-135 415 459 385 620 361 705 454 246 244 860 390 411 410 315 208 322 737 845 354 -60 63 510 168 537 223 
2 466 893 528 236 388 768 499 407 634 165 382 550 562 188 562 524 633 661 287 39 249 641 585 625 531 
149 195 548 530 283 332 317 69 558 161 966 642 200 686 566 437 369 601 321 49 464 455 363 467 185 469 
146 579 120 435 532 565 -2 191 696 442 482 334 425 328 893 801 113 338 117 655 586 333 271 274 148 567 
96 541 687 351 325 336 479 765 511 555 584 434 642 776 160 515 862 720 383 456 237 544 312 264 346 745 
-42 392 474 227 571 643 751 532 563 238 620 696 509 374 393 745 330 875 564 641 552 414 492 461 611 263 
367 450 712 483 477 693 583 149 -156 698 430 80 453 518 565 247 147 581 921 866 681 521 609 388 547 492 
372 815 536 582 311 631 507 197 137 204 232 199 455 754 648 481 288 625 417 347 1050 385 516 559 575 100 
398 481 797 285 510 230 596 633 336 -28 279 513 734 507 355 331 -64 521 610 387 676 657 690 539 236 412 
386 385 -4 222 274 253 574 414 254 62 85 45 151 193 23 18 131 315 473 856 210 74 9 365 250 125 

107 153 210 21 236 11 260 116 50 163 171 247 279 -67 317 467 225 532 -21 67 690 119 404 396 154 59 
410 402 601 587 495 695 534 416 500 679 291 631 253 823 756 568 313 586 390 295 818 485 467 570 526 9 
505 624 322 298 202 898 439 792 317 -17 385 653 474 615 224 418 381 393 271 441 577 429 615 393 629 -193 
292 785 417 406 684 365 573 666 539 209 397 533 368 795 542 621 446 466 737 736 201 600 421 389 360 161 
330 565 503 467 -183 301 317 866 732 885 798 626 400 226 491 399 941 546 596 222 236 258 641 695 128 225 
193 524 579 685 157 649 304 780 208 24 464 552 16 731 666 321 290 655 729 589 837 325 305 728 649 290 
385 497 966 224 664 648 436 341 422 455 816 388 926 685 532 780 371 589 65 282 509 -50 593 297 -63 224 
496 726 439 159 421 525 250 74 716 423 607 528 496 359 847 256 933 635 582 703 839 623 1020 689 244 247 
302 524 427 167 538 450 231 834 484 446 238 701 -32 803 261 315 479 330 817 266 235 305 561 995 521 590 
555 690 757 542 793 536 819 171 425 476 400 119 439 614 531 196 350 139 422 768 327 439 553 584 804 764 
84 123 266 397 375 666 794 529 319 632 625 18 530 511 505 634 490 547 433 150 1004 557 633 618 573 404 
175 218 111 760 720 649 782 378 700 425 132 114 445 210 177 320 281 635 271 716 628 -18 433 288 376 208 
297 230 397 756 835 402 -46 574 602 396 445 339 455 571 380 746 462 913 449 817 833 576 614 935 551 313 
556 633 26 137 554 395 290 163 566 283 184 416 149 615 529 305 840 696 187 722 778 413 -53 708 506 204 
161 353 228 597 463 196 420 1058 599 278 486 475 434 734 516 514 846 803 414 998 272 820 209 340 448 -19 
510 412 178 487 -171 708 223 242 385 646 413 205 218 280 514 199 178 397 400 444 837 298 449 295 11 -10 
320 235 219 302 518 829 421 786 765 650 716 345 533 339 360 352 469 249 580 639 691 116 627 229 312 244 
434 -48 819 791 601 646 969 317 -67 98 324 155 591 239 294 653 550 474 463 365 711 485 201 156 348 289 
325 177 364 -56 645 608 471 102 676 218 517 774 614 451 368 788 463 52 175 216 450 473 385 870 401 88 
270 460 520 133 481 414 334 360 345 410 345 268 539 239 499 831 84 532 556 180 443 349 81 528 138 333 
406 537 424 394 -90 148 205 963 600 737 138 282 400 618 183 600 555 774 422 983 144 179 510 476 234 392 
25 485 564 20 33 520 897 458 790 140 146 1024 512 266 520 570 572 527 430 816 558 585 135 405 480 467 
176 567 306 566 517 441 458 742 320 401 325 -29 403 222 92 246 522 -200 646 469 597 538 581 239 744 335 
332 559 379 277 508 574 503 438 174 230 562 702 593 229 829 672 308 514 858 499 945 475 508 432 270 371 
345 599 589 336 182 550 642 336 496 158 262 168 675 496 308 359 540 621 721 460 383 735 452 -19 486 180 
348 289 406 644 309 261 310 -238 211 379 396 -17 397 246 105 324 512 135 515 201 625 434 488 111 124 -52 

21 465 236 307 141 167 245 496 287 459 605 468 113 712 126 350 211 347 125 115 253 420 284 402 110 234 
505 775 261 665 275 761 922 782 524 -62 560 491 439 923 538 16 632 376 401 513 282 141 381 588 530 -59 
763 689 19 474 8 406 402 557 698 443 587 227 422 392 367 638 153 722 735 808 713 493 661 242 512 162 
281 343 509 10 284 653 392 618 613 434 574 1162 544 117 325 163 751 1100 93 206 25 355 118 389 378 459 
313 469 477 311 411 599 333 931 277 126 581 975 421 -201 685 210 210 171 154 661 560 319 360 646 216 167 
370 467 871 580 284 271 295 576 882 246 370 319 679 397 763 453 381 81 17 608 265 566 884 269 231 320 
364 -77 205 304 649 418 737 686 593 488 907 166 574 446 667 392 746 78 -63 253 337 268 471 699 313 404 
574 641 531 210 267 385 425 708 601 533 310 389 547 556 861 238 490 431 385 489 866 279 751 694 98 262 
718 195 465 618 469 591 780 73 342 512 147 435 391 321 431 498 272 493 150 462 72 -273 654 318 663 535 
507 798 429 448 498 307 396 360 489 552 328 278 179 544 705 672 361 801 13 539 685 543 560 860 537 391 
334 112 128 549 555 850 187 93 596 -97 225 108 734 553 567 450 19 503 430 617 382 -55 373 289 266 658 
248 750 687 668 621 360 528 550 258 517 561 179 407 382 377 686 542 861 192 533 683 248 1015 1014 591 376 
131 302 410 636 1068 342 698 270 441 838 512 205 572 188 717 597 638 701 514 397 1008 511 427 412 656 91 
293 444 287 376 640 -187 488 455 518 183 493 794 843 340 991 243 585 720 370 570 843 647 778 204 749 130 
102 681 -19 443 264 532 715 155 236 829 541 252 518 343 110 676 376 481 518 440 627 440 350 406 774 -32 
476 499 112 337 381 435 852 232 190 399 431 723 574 497 590 483 373 685 629 42 647 190 561 405 283 243 
251 149 660 769 946 316 752 341 307 672 522 465 -86 424 483 187 198 805 529 326 686 355 145 73 809 565 
109 280 782 378 210 157 629 412 428 361 34 175 236 564 315 -7 259 763 763 466 154 -52 817 442 459 504 
43 587 1089 788 209 280 890 276 367 644 528 675 288 396 585 457 960 750 480 277 587 435 247 695 436 255 
522 326 405 435 195 330 845 312 781 249 164 417 65 382 542 788 239 250 420 246 960 890 284 446 382 459 
213 270 271 331 749 843 265 307 1109 405 522 138 468 343 711 695 364 408 286 819 383 360 219 680 525 -187 
388 677 770 576 494 245 798 879 848 165 349 -122 1425 358 195 341 576 111 396 251 430 488 49 177 389 309 
354 797 1017 422 686 446 477 720 44 256 620 387 601 57 700 608 623 541 607 412 474 498 347 483 328 304 
431 472 214 700 347 119 614 249 273 151 661 498 513 852 881 488 736 413 456 1039 433 297 334 565 251 328 
382 901 499 721 343 447 612 440 257 204 130 244 582 509 208 478 286 489 725 861 372 237 459 390 451 254 
231 387 185 327 -71 -120 284 339 -78 401 344 302 248 254 283 248 112 165 149 512 398 413 317 163 225 160 

138 180 405 331 279 218 463 220 236 327 302 350 220 548 445 126 397 8 159 628 242 533 409 94 243 61 
-113 316 351 219 99 607 347 557 454 362 178 244 580 -75 406 593 159 309 185 370 477 360 182 -134 619 59 
391 253 335 80 284 214 433 249 53 399 495 457 413 327 -17 413 320 619 692 136 -42 322 357 156 -13 864 
128 99 559 495 306 99 413 185 310 394 833 285 691 635 547 220 -396 197 160 112 481 140 544 449 526 -173 
381 890 381 415 457 25 235 276 486 -13 188 685 237 -38 364 458 384 228 104 215 234 260 178 322 191 96 
56 263 519 399 588 523 581 89 190 428 482 227 848 472 282 909 55 208 -120 365 -244 302 245 271 297 142 
-92 540 117 345 288 -75 28 52 127 248 443 321 466 290 298 286 236 261 501 386 49 140 91 349 -138 176 
300 18 339 290 504 178 143 227 418 667 45 233 311 630 -108 -47 321 80 199 536 -300 506 116 296 767 147 
310 303 241 480 614 249 330 518 33 184 -19 490 229 133 532 444 533 521 54 421 389 424 588 624 188 447 
-132 102 397 531 434 527 317 344 142 265 54 356 330 710 432 201 255 47 87 -78 290 477 303 285 808 117 
-173 75 342 633 624 222 617 261 655 70 247 163 -223 427 -21 245 331 134 522 700 146 143 245 405 540 558 
121 -33 254 459 44 330 387 616 366 435 223 86 151 704 258 478 405 611 432 223 113 313 54 10 329 395 
26 202 357 316 633 480 277 511 347 263 176 457 15 98 117 40 784 329 101 488 590 460 333 363 105 314 
92 187 59 537 86 445 89 453 527 304 332 500 222 272 -61 317 499 392 396 427 406 586 495 440 590 491 
116 540 449 60 268 786 168 157 287 433 137 448 524 -173 586 -292 853 308 439 75 343 104 159 431 259 310 
87 422 751 414 678 517 898 290 3 354 586 442 148 766 854 123 412 516 692 75 67 240 -19 -72 327 174 
93 25 483 0 261 295 217 405 254 -12 144 -162 73 154 205 120 -78 238 404 322 -189 -105 348 84 84 128 
-93 114 532 198 396 623 105 -153 -113 359 94 591 444 498 422 381 270 550 377 413 407 95 58 272 -127 -138 
133 197 304 140 135 542 300 427 251 -100 141 404 107 160 355 651 139 438 254 -40 368 236 585 596 142 -70 
89 666 -91 355 310 211 392 468 422 196 325 386 593 740 485 286 428 -18 161 799 283 -10 136 225 334 330 
-90 608 737 290 342 580 594 169 290 259 435 295 535 620 311 237 487 374 444 156 371 216 -140 263 45 190 
26 564 696 261 475 567 231 389 37 336 610 188 405 425 464 143 234 272 184 357 247 426 321 -51 554 314 
351 -246 12 -172 80 726 522 618 260 -90 286 59 300 469 362 64 -7 789 443 354 235 566 303 266 144 353 
139 524 196 471 27 267 191 -127 489 591 181 292 301 320 121 158 119 403 235 350 445 292 385 221 976 174 
215 245 412 557 373 -46 315 478 -88 273 297 384 477 292 461 220 -44 117 288 515 535 95 -122 362 -12 -394 
417 342 100 89 137 57 -13 229 114 222 47 43 309 307 -162 -117 254 92 -15 473 418 292 -172 -284 468 278 

251 363 205 533 372 576 78 528 641 40 404 41 429 634 610 332 292 507 363 374 417 452 415 255 97 220 
522 985 629 961 684 755 817 721 398 294 804 487 661 261 798 626 864 842 415 751 772 724 336 831 693 445 
690 586 866 519 682 466 649 938 579 850 916 388 574 620 534 516 515 505 773 830 697 1344 874 549 691 579 
777 839 425 658 130 358 743 458 563 823 854 655 578 448 401 253 412 857 896 623 1140 746 639 887 212 375 
406 629 771 521 897 375 779 599 557 883 1056 347 747 248 423 622 797 556 797 805 162 806 690 466 888 321 
349 612 942 405 821 435 813 695 657 596 1065 536 623 493 902 633 1077 808 472 393 278 752 751 1110 702 410 
436 536 717 1010 1220 127 844 920 496 1043 540 763 502 910 1106 1272 1054 117 551 726 548 852 664 548 391 424 
656 943 679 786 383 654 669 634 450 561 319 829 831 548 947 1205 763 730 836 592 762 967 744 752 1070 132 
501 447 375 702 598 567 753 360 -97 579 503 400 464 835 320 1006 275 914 738 863 644 170 178 913 1145 1022 
543 758 977 506 409 856 764 362 1078 566 320 516 1091 1016 841 924 476 712 434 1082 1197 375 734 1229 509 717 
223 505 222 919 880 923 812 513 516 506 845 207 538 603 404 697 787 1029 637 901 618 359 693 1062 822 527 
485 496 841 948 669 810 599 534 777 638 642 868 627 542 879 856 771 761 784 552 440 792 1314 720 979 190 
514 546 275 976 979 438 285 268 717 422 993 523 1169 705 745 1000 558 491 1070 767 759 606 1086 686 946 814 
265 360 944 582 773 573 226 569 559 531 300 540 848 845 909 856 771 945 848 749 988 848 1070 505 537 403 
256 534 905 636 1148 474 361 655 759 717 424 582 974 889 595 751 651 310 735 1027 926 664 741 538 130 439 
445 478 820 464 823 759 516 478 760 455 1034 975 695 987 402 542 846 662 414 623 1393 365 753 788 344 762 
250 684 1022 288 1085 881 605 565 109 854 495 690 193 347 72 518 223 404 913 662 755 258 554 216 555 259 
399 789 494 990 517 805 622 377 549 699 418 508 886 565 838 506 910 511 657 826 257 750 507 450 631 667 
142 909 456 838 696 753 857 410 1096 970 759 625 569 198 1028 907 289 1018 530 825 -12 336 468 595 595 278 
234 247 590 393 295 859 675 681 839 488 339 604 545 545 433 342 562 550 518 598 409 847 334 649 750 573 
407 288 600 717 432 650 666 863 536 749 1093 85 534 464 552 808 768 464 590 667 468 594 781 476 899 401 
309 646 818 763 673 723 497 1135 704 417 738 369 693 820 845 828 700 555 742 827 1145 591 533 363 463 619 
143 643 1053 784 716 670 796 719 443 551 496 641 580 1075 1009 1158 771 925 896 892 892 758 759 543 899 229 
526 669 932 430 422 693 653 466 993 746 810 1162 1106 665 532 889 761 1141 939 749 715 751 321 496 570 288 
454 833 536 184 809 573 511 735 465 675 327 530 -13 354 367 417 454 736 749 977 701 691 618 254 297 360 
126 506 584 38 553 612 283 587 461 524 400 332 723 81 375 196 289 765 400 483 313 513 486 849 359 221 

273 299 476 91 -98 156 171 336 469 82 177 -58 -216 440 459 223 271 84 609 77 218 546 359 273 67 97 
424 221 540 465 916 443 465 877 36 457 79 430 242 826 509 497 394 623 291 105 269 435 302 409 678 166 
308 451 521 512 637 263 321 281 150 565 704 617 510 465 476 152 500 104 179 687 411 512 779 570 223 180 
638 976 491 742 846 2 280 380 297 599 792 854 472 766 103 393 343 480 562 451 511 591 297 360 489 -191 
345 735 490 563 547 832 285 800 286 546 429 674 626 328 288 535 698 955 666 876 176 448 221 829 556 92 
447 496 394 546 478 358 567 495 687 354 639 948 677 423 657 616 87 519 305 559 70 203 167 598 677 54 
37 391 522 173 845 717 617 708 678 645 924 753 826 231 298 1236 630 647 443 507 540 64 446 547 58 540 
549 451 804 529 577 211 890 644 672 525 498 344 447 -84 501 505 305 341 602 874 625 302 331 430 417 472 
333 128 691 381 698 606 197 1020 502 642 344 783 418 621 304 345 394 281 231 132 710 253 307 973 292 486 
505 648 146 656 376 264 125 162 309 669 383 -50 667 544 690 483 643 679 338 87 472 570 760 665 603 220 
508 451 192 404 631 733 231 333 476 126 548 1128 57 487 383 492 469 658 346 672 307 704 287 646 700 422 
212 613 287 517 676 257 337 93 518 591 351 515 235 246 203 871 567 410 587 790 406 76 731 270 924 576 
70 330 339 405 489 467 -190 370 323 331 33 462 77 579 488 853 378 160 619 312 474 339 -323 620 595 531 
174 104 204 464 345 480 528 729 257 615 568 523 236 378 703 392 494 478 640 852 675 667 192 550 711 60 
174 278 425 344 650 577 456 583 705 418 624 348 439 179 923 325 324 49 814 588 1254 803 813 487 450 355 
229 777 344 728 662 80 486 224 333 258 207 400 522 200 232 728 354 540 471 455 998 737 329 480 731 303 
-28 360 432 721 426 487 867 452 411 380 462 251 505 140 179 736 392 303 414 449 447 346 383 344 671 382 
250 416 683 383 321 571 286 94 511 586 393 527 136 164 740 217 536 640 515 428 42 376 212 646 153 626 
323 18 892 515 438 155 457 443 388 981 498 716 147 218 531 389 316 250 788 416 575 162 106 516 290 394 
-139 561 671 818 -33 196 451 458 300 151 371 237 490 257 629 630 384 653 557 471 449 365 465 254 173 321 
303 497 270 546 607 459 829 593 598 452 276 409 524 332 507 779 543 263 482 904 551 407 528 217 606 119 
131 651 693 337 675 663 708 656 795 476 181 83 514 173 559 428 640 606 819 630 820 522 820 677 439 338 
471 167 1027 439 148 514 334 489 645 32 345 -51 258 535 480 553 1280 378 879 1119 610 696 771 516 535 513 
374 1057 1096 234 300 454 519 266 261 178 433 603 922 351 472 424 265 603 454 786 501 838 661 584 295 529 
297 1051 761 122 296 588 662 350 415 316 561 259 474 171 520 205 505 488 197 641 67 677 535 464 412 48 
-32 136 154 244 136 115 457 860 255 51 205 151 -19 79 37 127 -56 10 503 408 430 1 367 519 355 178 

53 385 370 211 251 -2 23 463 466 -246 55 -62 497 325 279 407 350 337 217 78 237 144 -131 338 395 85 
547 586 319 709 579 636 662 529 139 272 604 123 379 590 523 890 499 498 830 540 495 852 1065 720 501 504 
711 823 369 696 325 648 303 636 104 1199 969 526 664 267 156 572 464 907 627 671 307 536 974 915 911 73 
84 677 817 611 760 774 580 416 613 518 472 777 826 556 749 304 303 528 418 688 288 746 773 575 682 64 
325 470 340 378 235 204 486 484 861 622 969 709 432 326 715 648 910 665 568 479 578 552 803 863 624 -188 
332 301 633 508 537 580 669 843 1126 742 637 559 633 520 701 599 854 697 332 763 268 883 1101 526 893 264 
843 923 715 570 808 172 884 763 516 666 606 409 964 345 829 617 379 583 410 387 311 473 454 478 674 283 
594 483 642 536 565 523 826 465 653 765 587 503 628 435 552 859 442 520 739 728 1048 327 669 531 473 727 
465 394 603 572 433 390 888 779 717 870 223 460 656 749 500 705 547 640 678 477 31 674 671 624 744 522 
492 659 395 753 639 1035 644 585 462 250 168 340 620 681 1005 435 292 651 290 566 271 522 404 804 831 341 
356 702 586 752 713 810 799 808 805 145 832 137 864 612 774 798 497 925 776 613 542 393 967 969 531 152 
556 398 313 723 698 552 342 600 143 723 503 830 392 474 282 1001 677 508 902 864 617 451 740 685 725 397 
-5 543 417 835 740 528 845 131 520 761 561 556 584 494 865 666 622 754 941 478 591 479 1056 745 985 230 
57 650 741 423 488 610 379 609 453 135 351 388 315 610 650 810 523 332 939 604 822 720 787 270 734 289 
18 436 122 686 352 352 665 704 815 475 482 469 779 970 798 681 672 513 610 1071 1168 1221 388 493 734 127 
210 809 586 782 698 478 436 562 334 576 498 758 415 199 487 552 378 231 917 631 1107 753 761 441 126 283 
383 483 233 211 819 267 607 313 724 524 700 71 402 865 368 681 451 580 944 719 426 274 673 546 834 592 
310 578 577 660 627 179 317 440 332 264 744 566 529 635 438 377 751 598 959 722 624 169 314 636 384 593 
95 301 627 778 468 561 755 661 767 565 290 926 711 635 711 349 729 508 520 390 324 481 400 739 605 462 
80 820 424 834 669 949 959 321 479 653 603 525 341 361 624 646 610 310 570 264 573 745 371 571 745 729 
100 715 281 424 169 453 214 900 907 419 853 31 479 289 707 496 401 596 518 747 156 903 384 317 913 394 
248 642 552 372 350 210 373 575 714 411 438 299 979 620 1081 699 1207 483 994 769 642 559 628 319 461 306 
258 388 969 299 526 462 616 525 638 522 433 730 764 802 722 589 1023 910 801 510 1044 664 487 296 568 281 
772 618 808 970 456 541 340 -147 -6 529 571 722 561 427 676 728 770 942 755 1190 748 814 725 607 329 320 
297 719 848 276 137 456 480 854 190 369 385 549 637 419 33 609 457 393 548 720 542 571 687 361 218 126 
445 500 600 388 452 546 518 488 275 288 371 246 425 624 188 61 230 368 735 807 392 800 448 321 849 81 

187 436 458 384 312 594 -19 910 436 691 363 293 487 477 598 1049 215 443 319 227 387 324 333 191 281 239 
693 1029 873 557 593 219 861 384 287 706 362 841 482 510 887 697 642 724 424 1148 479 1182 718 492 527 120 
413 536 623 382 1078 825 670 963 459 410 808 917 819 971 451 378 625 349 480 509 807 701 688 652 688 306 
415 881 691 789 803 784 570 471 736 354 768 757 1017 1006 539 421 724 667 608 603 818 566 1036 825 370 116 
564 600 787 359 769 437 258 939 810 668 921 1002 1141 975 730 674 467 918 265 447 403 661 963 463 660 243 
431 476 868 411 688 824 1078 580 944 819 1109 948 1037 751 918 1043 1218 937 443 896 400 825 594 824 743 127 
379 777 869 503 602 424 735 785 689 752 978 838 749 801 482 724 718 591 833 707 334 545 801 709 694 336 
185 861 946 1106 520 716 679 584 952 651 762 632 689 726 561 636 1091 574 981 769 388 991 422 381 1101 320 
529 511 667 403 195 284 193 723 680 650 723 601 725 911 462 820 337 650 572 538 798 829 580 704 836 595 
716 860 939 675 667 585 753 462 466 936 786 623 853 757 1064 560 561 558 193 432 751 781 615 896 1046 579 
384 614 681 551 666 588 783 658 735 469 599 835 479 998 423 875 518 677 624 430 455 300 771 960 964 623 
117 456 490 788 725 612 251 -155 1091 443 639 865 566 795 697 596 449 514 538 1259 609 448 630 242 822 721 
330 541 313 619 595 1067 275 814 611 889 830 642 218 753 484 602 701 428 225 657 591 653 244 1089 640 422 
122 484 537 622 509 436 357 744 732 1034 456 663 531 129 900 259 465 575 988 974 751 907 779 368 625 227 
463 -6 355 673 822 238 307 939 813 778 739 790 449 235 488 461 834 769 746 589 1186 687 1124 388 737 542 
165 341 578 329 516 466 914 634 378 896 438 562 431 89 750 715 861 346 951 519 1117 725 766 588 511 776 
371 388 966 419 605 794 704 646 168 897 334 352 619 265 484 534 536 762 904 376 330 573 355 625 566 448 
119 519 195 1278 962 730 671 694 871 871 506 495 370 298 344 695 698 644 630 452 585 879 631 705 459 787 
-54 575 327 813 214 938 213 800 432 928 252 576 208 243 420 778 563 671 519 564 506 775 683 461 631 125 
200 480 558 938 662 408 430 438 410 601 847 431 531 348 677 499 710 289 703 838 409 965 675 606 656 361 
429 542 848 713 610 348 704 1057 821 1077 360 792 228 533 578 574 837 643 695 492 822 741 862 602 905 315 
634 540 588 850 430 619 656 286 1109 587 471 806 620 841 746 1135 1411 1086 801 667 1125 396 324 607 722 407 
461 511 884 431 245 884 637 864 296 623 236 442 693 639 197 722 754 970 1019 1097 893 881 529 602 724 374 
506 598 1073 599 197 350 1044 322 773 506 180 540 726 165 449 747 874 796 455 587 690 1031 406 907 517 311 
272 645 930 631 286 589 951 895 516 735 569 547 265 517 295 516 785 142 903 892 839 811 810 421 635 296 
269 439 432 445 419 666 813 540 528 267 441 87 536 31 354 104 154 267 466 629 820 377 359 317 460 334 

506 241 332 339 443 388 123 347 226 364 196 123 89 593 236 551 -74 131 455 457 612 760 374 251 445 266 
79 1089 949 507 228 768 1168 556 661 397 184 744 660 552 604 416 522 820 509 646 455 721 526 465 132 65 
186 637 564 90 401 414 270 980 550 445 833 748 587 293 342 528 700 683 683 552 815 742 510 479 838 565 
-161 439 801 965 383 786 579 911 596 650 658 481 628 692 541 435 296 469 421 769 743 698 980 530 380 690 
652 1001 729 570 474 354 721 689 357 886 787 619 354 343 654 775 395 698 306 393 853 414 811 542 284 500 
439 632 750 908 802 1007 629 241 929 273 637 576 709 530 688 518 431 683 771 853 422 695 438 641 558 30 
282 601 611 471 870 519 298 651 571 622 665 487 465 483 529 781 743 457 764 420 348 -98 406 428 692 484 
305 336 889 622 392 359 575 656 924 792 793 429 450 831 443 544 619 379 517 638 862 1024 427 299 771 413 
471 506 540 697 781 529 859 445 162 131 622 460 700 642 833 751 540 457 812 183 174 708 723 -23 369 612 
211 477 603 623 416 711 477 311 341 472 317 573 519 480 494 677 590 562 285 640 735 520 390 751 657 117 
-23 384 481 872 745 492 101 428 769 452 670 349 616 429 257 785 647 1087 609 835 544 436 369 930 1008 885 
121 92 664 503 758 472 392 595 560 338 205 590 642 646 886 358 385 919 100 386 432 505 534 644 936 658 
158 462 22 609 909 659 774 482 421 873 345 640 675 508 1104 650 730 701 600 880 629 462 604 509 647 204 
518 717 393 622 253 173 274 544 822 782 813 505 659 452 814 395 555 421 1078 721 904 993 789 545 912 225 
401 401 762 511 1037 1038 649 489 752 1086 749 617 735 328 601 554 677 1009 539 479 689 658 1241 818 1130 355 
226 718 715 710 532 555 831 253 40 313 287 614 644 713 587 412 767 877 704 194 246 522 290 245 230 751 
80 192 596 581 434 579 727 797 543 722 656 464 396 393 817 982 530 491 565 466 722 371 22 315 455 66 
248 493 344 884 1008 586 343 611 -26 301 372 551 20 929 655 313 867 520 537 676 255 370 678 362 142 377 
280 595 362 323 616 654 456 323 604 1135 751 347 77 302 587 182 531 679 335 421 145 452 404 1082 703 229 
374 125 409 423 264 621 658 505 418 457 362 665 790 588 823 865 395 -103 625 872 450 471 237 360 877 409 
254 430 780 808 835 916 349 753 550 269 427 810 398 879 624 591 980 788 517 623 461 239 202 320 611 189 
405 719 716 762 659 895 997 566 1079 516 507 836 882 790 403 935 750 353 628 999 980 372 468 430 336 365 
321 350 637 51 298 402 585 893 205 364 323 -179 359 118 395 302 317 718 1023 535 632 875 574 311 353 409 
349 387 475 763 589 451 554 350 703 295 422 252 931 765 995 283 974 459 580 685 583 838 464 658 884 525 
324 545 844 732 400 343 808 578 878 639 757 624 786 510 278 410 665 268 1018 770 492 327 383 682 438 93 
370 484 171 157 339 98 179 -128 297 761 471 342 259 256 440 303 449 563 119 375 795 376 167 19 489 220 

