-111 39 -26 87 62 112 45 112 164 80 199 -2 164 126 168 111 21 180 -19 57 52 -23 58 32 17 89 44 104 321 155 148 -48 
-36 143 -23 51 -165 -5 58 190 171 320 30 202 46 11 38 324 209 111 149 303 18 276 111 392 152 -98 227 93 -16 171 154 25 
9 2 54 33 269 149 146 216 430 56 341 208 196 91 355 249 54 96 87 -133 -64 -63 83 87 87 132 78 173 215 145 -85 58 
-140 16 -37 49 173 50 244 216 220 272 91 105 138 239 288 264 -39 113 154 215 237 216 241 83 112 -29 180 206 37 197 126 -94 
192 75 260 297 226 205 112 225 120 -59 117 132 -8 164 331 -14 36 85 22 118 -41 -24 36 66 274 31 138 -14 163 -36 51 10 
-86 58 138 -91 107 158 175 138 405 117 164 148 77 200 124 116 38 128 -56 198 241 444 68 226 45 172 23 220 110 146 23 122 
147 310 307 74 188 93 149 283 97 51 108 80 189 12 235 153 92 15 159 114 -77 -70 225 133 50 -38 115 -113 81 -16 140 123 
156 174 313 51 43 79 139 241 204 18 -75 -57 -14 78 130 166 48 10 17 235 142 254 -2 234 -18 199 40 92 245 148 245 47 
26 180 173 -108 233 -61 -65 82 62 96 -28 168 74 244 360 -20 227 167 228 -87 39 8 441 111 30 132 -8 80 45 38 217 41 
96 120 7 90 60 88 231 258 195 -104 274 1 268 329 126 9 -106 -96 213 -115 24 -60 -56 20 202 125 107 231 -1 147 36 -25 
76 125 144 23 128 -19 47 -116 -35 -8 104 32 145 56 60 -98 187 107 309 111 277 61 80 -48 -3 198 -40 80 92 129 47 53 
-38 201 58 44 -8 80 172 315 151 277 -18 260 -72 255 25 131 9 183 20 -52 -13 -42 -35 181 164 40 262 273 46 89 -48 -138 
173 258 123 210 45 144 108 -164 50 86 300 133 79 -172 -21 -128 150 191 106 188 212 156 77 -40 -18 161 146 -80 51 123 135 71 
174 242 170 198 104 43 -8 244 131 252 48 254 19 288 -102 242 194 -20 132 120 210 -6 48 178 195 65 10 144 39 243 -90 139 
92 -13 187 71 60 255 82 10 57 53 318 9 29 -57 73 80 173 -78 94 -22 78 205 147 93 105 123 217 4 -83 -87 224 80 
182 301 275 15 143 -31 3 4 127 265 223 138 288 317 293 168 98 -3 31 445 127 172 294 122 28 95 113 -73 114 110 109 126 
209 191 158 284 191 195 87 -42 221 147 210 142 248 156 75 42 78 181 12 92 104 192 115 261 325 263 128 24 157 36 199 84 
150 15 216 12 109 65 -5 -36 -5 83 247 221 235 113 289 17 -27 182 203 204 133 192 342 79 94 186 210 190 261 110 108 217 
102 110 320 35 235 104 123 132 248 171 33 -24 0 77 -30 46 213 65 52 72 201 61 197 207 -30 90 3 142 195 202 139 116 
190 92 -4 -15 246 -25 -83 -156 5 225 278 146 139 353 -44 194 -1 268 123 132 78 332 25 178 285 121 52 222 41 -23 327 -16 
122 7 124 347 -38 39 57 -11 99 145 -10 177 209 63 191 50 347 15 155 191 177 168 116 197 40 28 15 -85 72 245 -13 -47 
161 19 217 -8 173 81 33 -9 46 30 144 229 376 107 -58 123 155 389 284 148 62 155 120 422 308 227 238 200 158 288 246 221 
73 111 198 256 144 84 24 256 152 -81 60 86 220 158 313 393 180 136 9 2 261 136 114 171 84 23 -4 -234 181 -72 192 -31 
127 184 99 94 153 402 131 206 46 23 -77 17 92 -38 124 183 140 149 187 171 39 53 347 119 240 2 219 179 97 276 126 120 
-41 226 122 92 269 -195 209 -77 124 -56 158 121 36 176 216 115 92 125 213 -15 161 120 76 91 125 143 69 -61 -117 42 37 46 
172 184 90 180 265 287 232 29 68 180 78 91 80 164 6 200 -52 151 106 245 331 263 215 106 114 217 -160 -5 50 177 189 170 
-14 -79 80 190 213 104 187 50 193 -103 59 8 100 134 116 44 -58 61 5 33 328 179 80 87 -49 -16 -48 -77 142 158 159 174 
168 46 158 -40 -60 4 26 -33 83 151 119 -110 3 -236 42 -23 66 256 193 247 179 -77 40 182 -6 262 2 332 190 42 220 192 
-4 106 248 232 247 148 123 97 352 -2 118 118 166 -23 122 51 104 81 15 68 163 258 137 98 207 -86 147 -22 99 72 132 58 
4 36 82 -64 -114 98 -79 182 148 99 199 -40 130 -29 206 0 9 230 191 257 95 -53 51 171 -23 275 295 187 84 165 96 187 
27 122 -154 -98 87 191 88 315 55 67 -13 103 2 77 58 104 203 96 28 152 167 423 193 85 99 43 188 45 142 -84 65 38 
77 27 117 105 28 -74 -6 96 65 119 35 -165 76 -131 7 -37 92 54 81 113 75 22 -111 23 -79 166 39 109 -61 74 127 -2 

-53 189 -70 90 21 92 159 254 130 229 75 236 153 234 136 122 169 -17 182 210 130 209 111 240 -57 42 166 98 52 67 221 61 
-38 419 267 331 168 91 115 173 367 186 364 221 301 234 232 116 -19 101 297 118 238 374 371 249 -70 267 36 146 61 184 7 159 
-67 213 166 296 405 193 213 274 216 394 69 271 293 133 124 111 19 257 324 133 162 152 153 126 225 103 265 217 183 364 155 71 
172 246 42 70 220 132 219 327 343 228 203 381 2 163 187 151 78 457 280 149 242 145 104 57 239 102 111 166 296 242 159 130 
62 262 137 115 171 125 281 130 355 118 160 196 71 145 145 196 170 214 90 132 45 168 1 334 232 213 -162 132 16 128 -3 25 
161 233 192 309 110 147 18 289 211 58 123 198 53 15 258 171 199 170 190 249 60 165 280 256 303 171 94 78 118 73 90 -22 
196 193 346 79 185 221 230 233 67 126 -61 168 204 40 238 242 134 268 133 199 71 363 -32 297 155 236 66 224 194 194 -54 33 
49 86 220 12 296 170 257 132 396 308 -18 297 197 101 398 85 52 64 121 176 264 319 320 351 24 227 222 193 289 266 258 18 
163 54 197 115 133 275 62 158 261 45 297 276 173 293 227 30 195 67 226 75 185 170 -74 279 96 198 92 122 299 307 173 134 
70 141 192 -62 241 281 241 261 230 123 226 176 155 228 199 40 176 -25 165 155 257 -31 96 134 138 388 67 169 233 61 122 113 
84 183 167 141 181 117 145 168 226 220 120 227 65 257 119 358 163 286 233 64 191 183 160 56 147 236 240 299 -40 59 135 -14 
-2 200 179 381 141 97 124 -48 319 170 315 169 165 115 65 17 52 394 -30 249 -3 -121 -30 116 199 408 256 152 297 320 45 -52 
-45 244 174 387 53 146 -12 22 41 135 78 302 37 113 52 180 128 -30 50 166 69 10 166 92 98 50 116 208 201 200 130 231 
139 105 353 87 90 156 8 128 306 179 271 86 277 272 299 271 170 158 173 64 -9 137 161 -142 118 -10 258 14 98 147 305 30 
149 191 165 64 313 126 131 81 206 183 245 179 230 242 127 227 195 338 -25 327 169 396 85 88 241 172 57 -14 47 220 62 25 
267 283 323 236 170 247 170 62 169 38 276 289 122 163 155 164 282 226 134 231 168 261 197 123 314 123 155 126 84 82 270 79 
61 220 276 183 235 372 255 277 381 147 521 97 264 110 199 81 138 293 56 208 164 103 188 104 287 187 343 119 230 131 312 87 
236 206 158 -1 149 215 283 427 296 305 270 296 377 370 131 307 208 267 106 202 377 41 120 352 112 247 305 234 146 161 203 196 
82 -60 225 276 223 6 -56 206 175 335 371 262 200 188 196 281 165 238 143 248 263 289 325 248 257 352 117 222 237 245 175 33 
35 77 121 199 23 90 147 -81 -27 160 235 201 247 0 96 191 458 182 149 265 330 336 158 346 178 240 292 209 286 56 58 105 
173 -40 102 89 315 118 304 35 103 -67 85 61 12 -49 32 220 167 369 239 175 187 312 20 228 -65 54 202 328 178 136 222 96 
240 74 166 221 180 212 237 108 66 -117 143 63 73 113 113 39 254 263 154 114 314 -146 124 114 59 144 292 -108 175 8 156 27 
159 303 127 265 120 235 -10 45 161 155 245 57 -24 156 40 225 278 322 196 -2 130 -52 347 34 247 210 114 46 -38 111 13 4 
5 469 96 202 164 -40 116 135 194 156 242 250 93 218 -97 80 122 206 143 53 320 101 329 315 392 320 146 101 40 300 85 153 
13 237 90 263 110 178 67 60 -7 146 110 100 290 137 91 240 91 133 -101 163 259 63 311 115 195 164 -135 155 36 199 14 239 
103 380 36 225 255 77 276 -35 113 86 55 65 4 35 185 203 103 206 108 186 175 23 328 88 113 12 91 41 163 249 237 241 
209 304 259 271 123 280 187 -20 211 89 90 117 -29 3 123 168 228 270 37 24 70 68 321 -30 61 43 81 13 116 -89 295 69 
139 160 224 210 339 198 143 201 337 60 280 221 83 111 157 173 11 219 219 172 171 128 113 95 2 37 287 113 241 123 100 -121 
20 136 146 230 217 374 241 288 139 90 165 61 206 89 176 63 28 220 54 84 209 80 106 142 -178 227 142 112 264 47 82 -60 
85 231 165 159 100 295 208 250 233 131 48 72 -180 48 84 293 148 189 269 240 220 206 59 136 135 219 195 144 304 143 109 53 
140 243 332 150 48 65 55 247 131 247 107 28 76 -29 275 256 249 246 317 287 285 -3 -9 278 -63 302 -73 145 -19 99 106 -47 
11 200 221 245 149 36 -45 111 -7 202 131 231 116 133 151 -34 177 68 160 69 207 138 154 42 103 162 -22 -35 26 63 148 31 

-92 198 89 107 110 62 -9 187 163 99 68 42 195 163 64 -72 55 36 80 208 62 188 159 191 11 40 149 147 139 5 20 -31 
-41 274 211 168 164 271 104 287 240 238 222 288 321 151 228 210 16 241 393 231 179 465 357 322 96 193 216 227 162 265 220 86 
86 224 -28 219 331 201 241 419 289 296 200 342 227 190 261 107 45 271 65 203 109 196 223 141 442 35 176 176 375 133 108 86 
23 183 59 106 252 155 251 429 565 229 304 408 33 -10 251 299 123 381 211 213 302 275 32 302 342 207 201 141 204 517 3 65 
199 98 81 61 171 222 265 223 392 133 283 235 52 213 317 187 284 203 175 191 -7 37 86 160 421 112 -21 217 275 -9 121 -27 
65 94 231 64 182 119 62 450 343 160 20 312 133 199 239 338 121 75 210 417 315 240 163 237 326 42 242 280 167 214 57 -105 
207 230 418 3 146 156 226 -26 239 53 131 189 171 197 289 247 143 310 125 98 39 264 19 205 195 149 174 170 153 223 46 60 
112 144 186 -103 328 369 139 277 366 41 125 218 -24 256 312 146 71 30 212 291 266 140 176 420 71 153 256 203 337 215 160 65 
106 320 360 65 140 122 63 275 338 141 280 74 122 346 384 263 339 135 63 163 207 232 159 118 -69 283 155 76 233 212 221 294 
77 273 358 -87 336 237 186 282 78 168 256 114 60 197 234 248 151 17 346 -18 210 -104 264 220 109 299 196 310 105 149 277 19 
-21 229 203 262 314 -77 -61 148 344 97 181 97 188 283 323 246 145 280 194 9 279 94 155 75 191 202 133 245 -25 245 147 156 
-41 198 182 293 126 125 270 218 242 64 403 128 328 263 129 61 272 202 14 125 85 -173 5 67 17 337 366 177 162 231 -21 -19 
42 317 424 242 288 204 -76 -55 218 315 178 313 118 47 80 138 229 199 304 165 229 151 146 20 278 70 56 195 316 183 147 133 
237 293 330 177 219 202 140 162 136 186 287 121 149 290 198 277 181 270 46 242 -46 158 151 45 71 109 263 9 22 281 298 28 
219 405 236 260 345 207 140 56 242 298 211 382 53 218 141 65 401 165 -14 68 401 328 44 113 232 124 76 -77 88 217 63 216 
296 178 413 239 253 434 213 268 144 87 358 196 236 258 274 221 355 134 272 285 243 263 377 181 198 128 127 34 161 95 253 58 
170 258 320 145 315 279 200 161 249 238 501 127 266 147 105 207 501 203 -5 248 336 85 134 330 200 159 333 48 162 172 165 93 
371 183 298 105 337 247 247 345 123 465 435 525 354 347 221 209 364 325 182 348 282 252 393 243 109 421 291 184 175 172 222 286 
178 37 381 313 303 178 258 100 47 249 489 349 348 20 135 173 305 208 181 314 203 41 339 190 304 340 198 152 428 327 215 202 
220 33 92 115 365 160 191 -44 65 383 132 219 148 176 8 164 317 328 125 254 406 340 66 372 153 143 277 429 296 40 296 134 
320 62 199 87 389 179 289 28 58 43 184 230 -227 183 94 157 252 134 402 60 200 177 226 123 22 121 73 206 110 140 67 57 
245 151 -24 253 138 233 -4 10 106 148 218 164 273 31 -86 127 318 358 264 198 224 155 250 186 151 183 346 56 110 114 200 -109 
195 295 300 202 27 -3 64 51 175 315 255 202 186 205 -51 198 183 280 247 67 255 90 132 240 314 163 -92 -19 21 164 -30 -12 
170 342 224 98 286 174 -74 136 45 175 251 133 405 200 26 275 374 336 252 169 128 232 296 349 367 286 321 125 291 250 77 92 
169 318 167 229 59 17 231 42 123 204 214 19 305 -9 202 368 56 161 -83 124 203 -37 236 311 324 78 0 79 4 72 122 62 
227 314 35 245 389 227 212 -105 373 271 58 163 -39 164 229 340 127 -6 226 109 91 364 444 114 314 174 326 162 196 179 206 187 
190 114 305 176 254 150 291 45 34 74 416 73 124 142 152 156 50 332 122 91 217 258 161 104 81 36 100 147 77 58 234 -8 
319 196 215 332 313 336 290 -14 229 342 249 315 54 96 189 334 -71 212 229 107 237 301 202 321 58 364 215 212 275 272 233 71 
63 63 434 321 217 309 278 383 213 -45 348 53 341 -52 257 163 54 339 144 192 294 179 9 123 26 123 181 277 498 191 76 -88 
240 332 421 117 42 130 231 153 287 255 204 175 106 -26 215 151 158 241 122 294 131 113 130 283 254 269 169 213 198 319 92 245 
132 289 316 329 291 267 169 443 208 239 353 138 182 6 379 155 169 295 315 375 299 176 212 249 205 285 261 169 167 102 195 -3 
-20 182 196 148 72 84 -32 165 212 289 208 152 167 198 156 2 269 130 176 144 203 208 200 105 229 112 166 -15 109 92 90 222 

8 266 51 143 93 124 220 351 102 286 175 253 262 212 257 111 159 98 174 273 309 330 231 329 85 98 294 159 110 150 117 100 
102 194 211 307 178 134 239 320 337 245 282 351 185 332 139 274 -46 139 191 30 115 339 257 30 217 302 -16 271 304 330 -88 296 
116 2 151 211 241 59 363 280 142 350 334 167 11 138 178 146 173 347 146 124 230 68 126 118 272 143 130 -69 200 356 171 126 
118 114 -12 231 149 127 102 218 395 231 249 448 75 248 4 95 182 440 102 230 243 111 -70 77 398 124 60 101 263 12 257 221 
188 201 387 82 38 60 49 -15 264 84 107 171 171 220 105 118 185 286 269 266 114 188 -16 291 171 148 -6 75 -16 288 -25 51 
85 250 214 275 241 51 16 98 207 27 93 28 69 -19 110 317 51 164 123 169 45 -15 289 351 342 65 63 199 -15 169 104 62 
152 -20 281 141 251 186 173 357 119 177 165 114 52 128 255 135 251 242 87 151 285 387 -18 253 -7 165 290 94 305 246 32 212 
190 117 255 33 187 267 282 152 367 92 171 399 -54 197 449 2 134 265 41 59 97 260 225 271 109 237 1 213 419 204 209 183 
-102 85 302 155 239 103 12 267 166 75 299 165 124 160 180 251 281 -86 206 39 362 0 199 191 301 225 -83 154 337 163 26 278 
-119 74 115 232 189 -5 192 124 355 31 399 226 332 74 -4 215 194 192 -72 162 237 -23 35 102 167 312 44 111 136 57 100 183 
-150 169 148 138 411 176 121 138 288 135 199 243 150 175 70 80 97 298 85 289 116 -77 27 167 263 233 235 284 184 -5 115 17 
87 96 156 349 232 80 -10 77 146 47 236 120 188 111 167 136 119 264 181 431 74 -33 -69 -121 252 86 202 244 404 162 107 153 
-69 308 220 207 232 232 70 33 157 193 199 159 265 220 185 170 102 -194 125 168 -57 124 114 24 244 42 -21 182 265 254 47 125 
102 124 468 11 297 142 93 130 61 135 329 220 -25 151 199 220 199 142 316 5 76 370 186 -32 278 -153 202 -12 0 135 311 217 
93 139 148 197 211 203 223 127 192 5 270 153 206 235 246 59 292 374 22 240 196 248 129 175 83 262 98 -68 109 85 142 4 
19 240 280 6 339 231 259 322 100 182 215 378 220 304 76 149 384 259 198 69 296 259 145 73 381 224 249 112 34 111 79 203 
156 197 327 215 89 231 324 406 111 219 539 335 504 171 116 126 156 250 214 242 163 59 254 164 178 138 460 305 199 173 284 241 
-1 279 222 -27 146 81 266 377 144 400 198 352 256 276 2 242 309 77 151 241 348 -49 207 336 205 372 395 231 217 182 84 358 
35 -72 144 186 161 84 182 58 50 153 156 204 135 175 343 135 209 185 126 367 315 208 147 96 217 295 248 280 164 36 193 126 
-30 0 115 240 81 73 269 -30 91 3 -30 62 5 20 115 270 166 93 155 88 342 213 294 233 -1 56 162 223 288 94 -1 78 
171 89 120 18 96 110 139 66 155 -17 189 159 25 26 -80 63 175 335 238 137 235 -15 274 124 -35 79 120 245 -23 47 29 209 
82 268 285 55 97 209 172 192 -8 45 180 146 127 176 33 205 178 380 265 159 281 21 237 49 221 283 209 -101 293 -6 128 -6 
-28 337 125 375 -34 263 95 -82 0 242 108 114 269 205 -69 86 387 166 66 228 11 16 233 107 334 463 157 118 -131 191 145 79 
-76 393 249 267 132 -35 278 118 24 148 165 -61 234 238 23 129 41 66 -128 160 197 149 221 104 342 239 220 79 -16 246 167 280 
278 9 55 297 144 273 108 69 155 -3 17 56 130 -23 51 284 212 90 -61 171 64 134 255 -15 264 198 136 -22 86 27 173 223 
133 254 143 154 175 221 236 -18 54 217 239 141 95 9 48 286 146 369 52 219 -48 193 207 115 204 -26 200 -10 111 133 390 173 
221 139 355 298 267 343 280 118 106 12 239 347 -31 49 160 39 109 222 199 154 73 261 187 35 -27 28 164 11 298 44 400 39 
-40 198 307 181 266 217 356 328 179 -228 163 118 197 108 70 90 122 231 14 -3 97 275 53 -19 -25 195 130 178 145 206 20 -5 
154 255 100 151 138 173 256 396 315 130 135 52 20 86 205 158 139 252 206 266 33 7 203 113 -64 307 129 166 278 194 -11 -25 
93 257 210 265 183 168 50 401 127 356 162 175 -20 155 47 219 294 142 270 115 335 177 151 111 173 180 -97 51 327 14 87 185 
22 80 157 271 265 31 62 61 190 278 210 -76 254 -60 311 42 233 47 370 362 292 94 167 94 171 255 -27 138 -47 83 181 35 
-7 12 91 153 184 125 -25 -110 -11 -26 88 85 38 79 113 47 33 67 -3 52 270 140 140 -119 64 37 45 18 -53 -28 -121 67 

104 198 15 75 -34 142 266 223 212 160 313 190 228 189 286 126 37 114 10 68 283 214 112 74 215 159 71 137 159 115 107 105 
167 78 289 345 37 16 175 89 55 498 294 409 19 291 133 374 295 65 299 259 190 333 327 381 213 151 -9 144 212 180 61 149 
40 -113 109 172 287 110 277 294 401 326 548 123 189 308 296 171 242 245 79 119 225 -156 79 162 199 192 25 223 397 347 296 256 
2 242 255 208 -52 164 121 153 383 453 128 180 259 273 113 286 209 307 298 395 120 197 120 260 115 -43 97 175 188 288 268 63 
176 152 349 264 161 191 207 318 325 206 187 116 245 238 315 198 226 226 200 120 -63 21 265 342 252 159 234 68 184 89 177 51 
-21 325 169 210 337 185 312 194 349 261 243 163 273 166 140 320 91 237 83 136 354 294 211 252 172 279 171 305 -48 139 80 158 
214 216 311 350 174 241 338 384 81 84 223 66 107 68 276 26 252 182 121 80 123 289 395 141 176 144 172 -41 322 125 99 143 
85 130 442 313 73 175 192 299 278 288 157 110 16 186 185 167 210 63 -107 282 312 492 285 432 217 166 -55 295 354 190 324 322 
26 195 293 128 202 -36 289 271 165 269 215 229 256 179 288 296 346 207 264 131 199 80 349 156 252 24 -7 156 267 257 320 264 
128 140 237 272 59 195 386 312 376 38 252 282 422 301 151 186 -35 10 112 270 226 63 -113 258 236 117 233 236 199 122 219 100 
-19 84 165 158 220 115 41 53 63 91 109 275 104 179 111 -51 319 304 272 327 5 -102 173 256 250 229 142 330 321 -7 50 93 
60 148 170 245 169 210 126 227 99 193 247 288 135 218 59 -2 -141 49 274 171 -49 -85 -55 112 333 103 295 469 215 21 12 -14 
225 230 191 119 179 212 175 -121 62 189 329 88 197 -80 197 173 268 194 360 115 119 252 151 -15 76 129 -15 190 136 232 205 145 
34 196 187 329 212 93 91 333 218 384 179 325 5 373 177 243 197 289 271 100 207 60 -24 244 175 67 206 286 158 266 145 220 
129 180 109 141 81 272 227 15 35 63 391 212 273 -94 169 2 224 199 162 3 249 360 176 120 118 271 256 -85 67 -22 292 156 
195 462 487 211 211 41 189 238 247 352 373 398 418 335 41 340 160 209 182 347 135 166 202 195 255 278 267 184 3 93 87 315 
258 242 62 183 235 409 451 225 195 252 321 360 289 244 135 246 115 142 182 136 220 286 169 332 420 403 349 190 -106 119 324 373 
45 351 280 100 56 63 205 294 244 341 195 278 282 320 449 168 129 122 339 328 165 180 349 222 305 296 377 228 271 147 244 340 
56 203 155 269 215 181 125 60 389 191 155 82 321 251 246 190 100 160 170 343 386 343 342 449 257 172 317 230 268 170 321 140 
23 64 109 44 47 40 -19 36 18 54 195 199 208 337 135 146 140 447 259 142 211 387 181 193 172 203 280 365 115 81 123 149 
115 109 269 80 77 257 174 183 145 -72 124 225 169 -55 181 -18 342 129 334 332 222 126 453 96 80 237 3 98 215 361 30 242 
66 358 380 111 276 147 249 77 -1 18 155 160 395 219 0 370 112 506 103 268 126 231 19 212 433 317 107 -26 122 53 355 150 
235 330 209 229 60 211 267 175 59 144 71 252 120 148 196 250 389 124 140 266 223 207 220 221 275 301 136 5 182 264 365 84 
175 240 287 249 184 391 181 135 31 -21 53 214 240 154 214 122 175 39 188 221 91 103 310 312 543 296 329 186 3 354 275 313 
88 139 144 422 356 182 165 -67 75 -106 69 162 159 237 264 371 251 209 233 38 168 247 151 153 221 246 -58 -108 67 172 299 84 
204 285 405 254 273 528 130 269 -62 210 141 84 111 108 101 178 127 225 83 335 207 304 174 40 197 43 -64 -67 81 279 407 208 
35 151 379 222 238 139 366 191 -15 -163 195 95 113 64 161 50 293 263 208 123 290 237 34 12 -36 10 31 -67 233 145 218 222 
161 359 150 149 208 200 345 157 187 162 172 214 48 54 -13 97 244 98 179 253 102 79 129 116 116 197 -21 187 155 151 112 149 
123 179 132 304 377 236 275 342 366 -49 116 34 -11 170 75 169 202 76 70 122 224 311 204 21 136 -35 92 113 262 165 143 203 
8 -45 -17 72 71 23 73 340 53 272 23 -30 48 38 140 179 202 230 405 354 180 2 139 142 -79 329 27 322 133 177 170 175 
152 122 99 276 234 99 41 67 231 90 26 51 180 94 71 230 262 105 201 258 379 318 20 -37 190 74 115 53 70 -80 303 97 
32 -22 238 234 150 107 48 36 249 65 56 10 182 30 104 52 54 188 103 144 219 125 36 32 65 220 195 145 -48 175 26 168 

101 -64 102 -63 23 104 58 24 100 127 179 -2 -34 103 136 -23 -143 21 -133 -58 183 58 8 -8 196 24 -53 89 77 77 30 65 
-54 -111 202 198 -104 2 94 -153 128 258 78 12 85 91 -124 120 18 35 59 98 -62 -21 143 11 73 -90 16 91 155 81 179 59 
-13 -38 33 -41 -40 58 104 118 129 11 -21 -87 168 28 -90 31 154 -37 95 126 -37 -131 -38 124 54 77 10 41 7 47 73 -20 
-23 74 92 -106 7 77 -41 19 223 127 42 68 188 -2 -45 75 117 -25 140 -12 7 75 168 78 -29 174 72 115 47 27 91 -91 
36 -64 23 95 54 39 109 97 -120 81 -39 -44 29 26 132 70 -11 11 6 37 36 -26 159 -4 -27 43 176 -63 -62 59 32 -47 
15 -16 -61 23 -52 101 66 -62 138 74 98 -21 -76 -70 85 62 31 18 -180 3 248 123 -18 37 84 54 14 51 87 36 64 103 
-47 46 103 10 -98 13 78 54 -98 8 97 38 59 134 -8 87 231 22 54 -35 102 137 72 -88 -58 -49 -43 72 231 21 31 72 
-36 82 104 104 -188 -14 135 121 77 102 -48 -30 159 -14 10 142 55 -140 -45 186 135 -16 0 40 107 -90 11 113 43 43 159 118 
-46 37 45 51 4 -5 -10 -95 19 145 -17 105 3 -100 95 148 88 176 63 -29 -69 -54 90 -39 14 7 16 59 -2 29 11 -44 
-8 25 5 81 16 82 39 38 -33 -83 56 107 128 -31 -39 -69 -77 62 123 175 -149 -92 -32 89 -63 -36 174 117 -25 -79 13 19 
49 -54 2 118 108 108 26 -51 -62 44 54 -185 -6 101 59 55 151 -109 173 72 -176 91 101 95 60 2 43 79 5 -104 84 69 
92 17 114 -24 71 -19 -64 97 22 184 -28 84 -145 46 162 44 39 145 203 -114 41 59 -155 -40 15 -180 72 163 19 -24 31 48 
80 67 75 79 40 82 137 -44 -32 123 95 77 90 15 81 38 45 128 -51 -72 -5 243 115 85 -19 -12 -31 -36 23 158 79 -59 
10 87 55 189 4 31 147 55 63 3 3 80 -65 105 -38 -112 91 146 49 40 163 -121 9 121 31 191 57 -34 -115 1 79 135 
150 53 11 49 -11 97 62 155 -98 26 141 199 108 -82 -17 -19 33 91 93 -112 161 98 26 -7 -30 82 -4 58 -102 -89 32 25 
34 166 171 102 7 3 145 109 115 120 16 52 163 16 150 205 41 -2 54 127 31 -7 155 259 70 5 109 3 -27 1 27 155 
116 -31 -114 95 179 145 88 -89 -22 96 -2 64 0 119 30 58 -76 89 32 41 89 124 -75 7 119 121 31 -14 -22 193 157 136 
46 145 -4 91 -123 10 116 76 117 -92 -13 128 115 63 136 -21 -31 133 207 -30 -60 193 152 72 31 13 59 106 130 -2 -43 0 
-3 4 49 97 106 90 -45 1 149 -115 -103 182 169 -42 6 -25 -8 44 91 168 69 -30 154 89 -175 -20 70 -18 -2 105 65 -3 
-1 206 45 -173 46 130 82 57 -97 59 160 -93 -51 171 -177 -50 35 162 15 -141 74 152 -12 -85 160 -60 -70 88 30 28 76 95 
162 287 -35 51 35 266 27 37 -162 88 193 108 20 -80 59 8 2 -8 164 187 -172 41 35 -95 190 6 -134 -1 73 -5 92 -50 
-2 117 130 108 -23 51 149 -70 -93 -1 -40 119 254 116 129 -46 39 15 38 221 67 76 -111 120 172 142 32 54 -36 179 39 68 
125 -83 36 -22 128 -22 -56 -82 -4 47 112 -6 87 47 17 50 76 -53 -36 -39 -112 180 -13 78 15 163 21 -68 28 0 67 -47 
106 -61 204 76 -5 114 -34 46 19 -93 92 76 41 36 106 10 -8 121 68 64 -5 -11 107 200 125 -131 48 -26 105 31 159 11 
2 -20 93 73 93 -23 -64 29 59 -103 10 235 -64 -8 17 15 91 17 267 10 -19 20 -129 6 48 -100 -64 -57 83 54 -71 -136 
-7 164 117 -183 150 37 60 53 -78 206 81 111 77 8 21 21 125 -14 22 90 54 111 -55 113 10 154 64 184 20 188 158 -53 
9 38 -26 26 -80 121 140 78 -53 20 -14 1 40 119 33 101 15 -55 35 -65 59 107 72 72 -74 71 -89 40 94 62 -5 116 
84 27 -18 98 45 47 30 133 2 46 181 -53 77 -35 19 71 67 -122 1 31 8 16 43 101 177 84 58 149 72 37 -70 136 
-2 -82 -30 195 115 -53 73 -3 88 132 41 63 44 109 -61 62 129 54 111 127 131 95 -9 -143 146 -1 61 166 171 115 88 109 
-61 -48 109 225 77 -36 -5 -74 -32 12 23 168 146 32 107 48 0 -2 124 77 19 -17 134 -2 182 47 73 -34 -90 131 108 -1 
113 92 90 7 64 177 37 101 198 -122 42 106 117 93 16 127 -8 15 -29 116 133 5 -47 110 195 82 197 72 14 4 47 97 
11 16 -19 -70 -12 -33 -11 25 63 31 -30 92 -7 67 -23 -1 -18 70 -97 -45 -73 79 46 8 -50 28 47 31 -20 -3 -10 19 

69 68 51 -53 130 258 235 92 228 92 241 11 260 149 177 -17 10 166 22 257 287 110 38 37 250 -86 17 170 3 98 248 126 
91 266 465 115 -115 109 89 93 243 429 139 190 102 92 169 190 195 69 330 278 164 443 342 310 69 107 201 179 168 23 77 -93 
30 13 190 140 272 180 206 419 263 312 385 172 321 233 195 116 261 157 162 114 64 -108 265 155 134 152 144 327 433 222 272 90 
146 223 52 27 5 83 144 366 320 243 134 149 24 128 181 267 222 287 217 165 41 202 200 234 -28 -46 68 183 152 343 -34 -7 
157 36 247 284 105 177 315 332 166 200 161 60 139 265 246 63 299 158 103 75 -30 123 252 245 196 135 204 -23 256 77 98 10 
162 280 175 173 182 98 149 223 151 219 192 156 164 380 198 239 198 182 214 267 300 122 171 304 167 119 115 269 36 40 158 85 
190 311 197 156 171 179 410 250 43 134 201 41 137 197 119 207 147 21 148 9 188 201 262 25 327 73 127 238 128 -37 30 49 
101 288 284 219 36 266 189 179 231 217 109 16 75 155 101 221 3 -45 136 308 296 313 255 289 27 -54 206 376 69 216 309 193 
201 274 66 164 121 116 321 252 179 145 140 135 118 272 287 135 144 241 189 207 8 179 247 183 212 -36 155 241 212 380 179 111 
231 177 260 189 51 220 343 349 108 249 262 153 308 237 193 252 68 100 177 232 85 74 58 332 139 120 305 90 110 167 189 67 
102 174 226 164 126 33 70 78 -42 237 84 210 306 145 31 160 233 221 310 74 -31 85 259 194 56 78 202 219 84 57 156 113 
-10 232 152 208 171 89 99 179 218 203 253 161 124 286 3 -140 -124 298 49 -50 -7 -204 -57 398 256 260 493 178 72 133 6 -35 
265 129 248 46 187 126 96 -66 110 46 287 11 180 -69 163 128 352 132 138 124 223 98 92 -44 -33 87 108 180 234 28 51 73 
209 280 329 266 144 68 40 193 333 384 172 199 169 417 144 340 175 267 49 274 97 -82 129 178 113 175 38 223 213 213 147 62 
155 176 14 59 264 260 190 53 9 286 224 163 28 -207 170 136 261 190 25 54 344 221 82 88 262 234 104 -75 95 180 263 144 
349 439 251 182 130 132 131 56 223 295 249 331 217 45 200 280 78 74 208 247 146 115 226 104 110 173 93 -19 109 78 233 276 
301 49 89 227 370 473 206 105 377 277 323 312 187 318 179 236 113 147 319 124 201 183 135 325 348 421 82 28 -67 236 287 117 
306 294 209 -10 103 234 226 289 117 245 176 387 275 411 293 29 248 153 271 167 142 258 219 208 263 244 224 303 74 126 280 305 
97 227 130 295 236 95 35 230 403 257 279 222 173 56 125 156 113 77 283 355 178 241 522 218 164 314 315 87 233 253 311 115 
38 266 67 119 112 34 72 59 -81 231 177 95 298 211 2 288 299 395 39 249 329 284 -64 170 313 169 430 220 78 75 154 57 
154 -62 67 106 262 259 -20 47 73 98 -32 120 -77 -70 268 135 353 -32 379 89 188 241 289 71 64 11 47 236 187 223 31 49 
188 345 228 134 153 67 104 -54 60 -58 206 330 230 33 -41 192 128 243 200 159 100 -32 -22 235 339 184 -12 6 18 146 136 76 
260 229 80 111 239 75 187 125 137 230 177 232 -1 42 187 467 299 179 262 165 212 259 264 257 256 261 -108 -10 274 179 157 -98 
231 144 319 17 161 145 9 230 36 118 112 317 94 78 217 27 127 52 174 126 83 210 209 435 341 180 153 40 112 344 182 133 
139 208 203 304 212 7 136 -101 -17 -14 258 90 163 248 244 301 183 160 94 -127 217 251 45 380 114 185 1 152 304 234 132 61 
301 309 149 267 290 347 89 133 46 276 -35 -9 49 101 168 220 117 13 82 269 270 137 39 146 297 3 -66 -31 12 267 164 9 
213 143 274 186 203 322 215 26 -31 106 257 -27 260 147 154 191 309 212 67 32 258 224 62 -38 154 -20 37 96 170 129 185 209 
232 190 141 216 212 129 192 137 -19 387 146 167 42 37 28 147 71 63 297 376 177 152 28 77 82 -68 63 294 113 155 223 122 
159 153 294 481 283 298 388 224 189 -22 39 32 42 244 28 180 116 97 53 -45 166 285 23 79 268 -68 347 122 136 -64 152 129 
133 125 222 84 42 6 249 247 175 181 52 39 6 5 259 145 127 318 364 323 17 94 87 32 5 236 170 393 119 335 -12 99 
201 185 93 92 50 -64 58 199 132 101 84 162 68 154 95 309 182 160 194 238 189 84 15 239 182 6 45 -63 72 -29 253 85 
50 56 257 335 214 91 170 175 208 92 91 123 163 86 71 13 141 55 210 196 291 147 103 63 158 224 159 -9 70 210 151 132 

-50 191 64 270 280 148 92 226 35 172 143 225 156 248 147 -12 26 64 170 150 270 300 111 320 169 140 116 167 212 81 144 15 
46 183 73 207 135 343 280 218 310 435 190 173 327 368 97 219 115 205 187 445 268 247 334 171 223 247 128 193 358 224 222 330 
31 264 159 180 155 148 251 355 546 341 278 403 157 84 18 256 121 229 189 127 215 249 9 407 323 114 309 142 150 379 66 66 
-9 138 131 -126 139 232 336 177 559 436 283 191 276 158 -28 305 308 217 354 98 192 167 170 125 196 295 109 349 183 277 148 15 
149 215 186 110 129 16 159 179 276 150 -20 295 142 76 235 402 121 275 272 172 86 153 305 66 283 67 71 249 111 181 201 -77 
1 70 323 92 105 139 103 108 269 155 41 160 211 135 140 284 214 332 103 192 307 282 54 156 243 333 204 62 188 347 31 -23 
136 159 175 152 180 276 92 25 264 47 333 203 146 157 363 210 220 292 13 247 114 298 121 399 -18 155 97 199 244 201 62 212 
102 198 383 102 72 274 254 279 268 342 -46 138 237 -20 325 279 204 -17 91 441 288 144 34 183 10 228 225 115 406 165 255 128 
51 117 479 47 176 319 151 154 162 291 231 109 120 -51 350 378 339 161 84 132 266 222 192 271 -35 191 184 305 247 142 237 117 
79 277 127 101 438 154 194 162 300 96 147 334 150 107 339 165 156 113 374 137 135 5 234 188 181 227 113 315 214 14 267 117 
-42 17 287 378 155 205 104 1 401 91 476 157 235 168 310 142 292 263 155 103 71 127 81 60 39 352 248 107 221 229 134 138 
-22 236 303 178 361 151 188 165 148 108 177 358 278 171 9 120 294 127 374 129 -54 86 232 89 139 67 114 362 248 -45 152 121 
35 239 254 387 322 221 127 -121 69 546 109 337 -23 291 305 294 -18 365 155 113 -7 240 27 56 187 156 303 94 -21 289 363 51 
246 391 222 396 211 163 157 335 263 -6 101 291 245 309 104 4 422 256 72 123 97 181 212 173 189 29 192 136 75 110 -2 100 
145 227 305 384 285 337 296 130 81 266 308 219 43 216 118 279 392 192 174 13 384 224 196 176 244 93 58 59 76 198 166 170 
207 64 455 -28 132 474 312 410 247 146 493 92 161 246 151 227 458 265 234 366 142 166 337 140 212 211 238 152 -26 210 324 -57 
188 373 106 244 431 107 428 221 199 248 385 461 360 271 228 254 282 427 31 343 244 250 120 241 362 106 205 38 213 180 254 255 
197 5 285 356 72 362 332 203 217 293 514 570 495 253 290 174 14 425 265 375 211 73 428 309 239 459 377 48 269 288 345 164 
110 239 246 135 239 262 418 225 185 -47 253 282 327 156 111 83 120 424 223 155 450 253 110 129 307 196 241 292 433 209 201 217 
270 115 76 -36 335 335 277 179 150 137 218 200 -138 156 -69 233 236 172 333 112 239 251 302 277 22 255 191 275 134 175 265 128 
257 238 119 287 94 148 280 92 -9 -69 207 85 153 144 59 120 31 318 203 269 236 207 83 -32 28 182 142 201 16 27 -20 -142 
283 235 92 171 3 216 14 -161 43 356 287 75 265 46 -67 71 321 344 272 287 81 289 101 281 322 147 207 66 193 31 180 45 
230 269 259 131 196 21 99 -73 67 214 303 194 294 258 169 50 135 294 197 222 244 107 -54 347 309 269 118 37 91 150 -45 52 
108 207 231 282 90 339 2 -21 69 33 402 88 328 75 107 345 221 264 104 194 90 -19 438 340 371 58 257 103 234 184 260 -54 
91 335 163 236 48 58 81 -3 257 269 84 245 24 10 146 277 103 39 11 -32 127 96 348 90 407 119 239 149 120 180 126 66 
60 317 282 137 299 94 316 56 21 101 374 229 -36 335 94 188 244 228 223 34 16 191 421 238 184 235 193 275 205 291 117 45 
194 338 189 248 343 302 331 77 19 189 232 460 292 51 181 408 -16 237 -2 189 393 112 97 276 -11 181 48 145 223 294 264 -30 
152 107 175 305 324 434 322 101 319 118 209 130 135 179 201 192 125 274 268 -12 90 127 285 186 -61 302 215 166 537 268 118 140 
138 297 452 359 326 223 273 223 296 79 219 132 334 -77 227 204 226 150 66 406 506 78 7 60 142 60 122 413 337 282 259 36 
160 372 444 457 93 295 298 144 279 308 228 293 107 212 275 202 147 248 471 45 62 45 181 272 250 308 358 18 212 90 102 91 
-27 172 282 271 262 395 21 314 259 231 385 138 354 109 296 206 200 159 262 284 418 183 226 224 223 248 180 184 226 68 232 109 
-8 137 187 257 44 72 66 112 51 136 82 253 104 201 73 59 185 147 194 134 106 258 111 271 153 63 38 41 63 139 18 33 

-20 -20 129 -25 72 151 -21 61 154 128 73 18 162 98 34 16 -58 123 112 65 108 75 71 126 125 -158 108 288 28 12 94 9 
-32 125 123 51 -15 71 292 77 237 215 43 -12 73 228 134 200 86 -4 291 144 23 80 360 206 -49 -32 194 242 145 256 -20 -157 
81 -38 123 102 189 151 249 369 164 84 196 60 83 223 234 139 115 -112 188 5 -51 86 200 193 114 154 -26 339 -15 105 79 -32 
32 33 26 31 156 115 236 374 185 194 183 327 -28 78 289 32 137 111 160 85 186 45 205 64 64 255 133 15 322 18 13 -47 
129 119 45 70 10 172 181 185 35 183 46 136 81 134 158 109 69 72 52 86 30 111 80 125 0 114 11 125 52 76 -33 20 
29 219 93 113 -31 48 134 22 236 97 -35 -53 239 88 69 196 85 -89 134 276 235 111 70 231 14 61 46 164 45 99 156 -1 
174 281 48 66 -6 129 98 249 -40 165 -3 -36 221 247 91 139 190 73 113 -10 106 195 39 4 91 -3 157 100 19 172 158 -76 
254 290 -6 56 26 139 331 109 -35 205 3 -150 233 155 231 74 -109 129 188 112 36 121 144 101 19 6 174 208 48 100 172 87 
165 220 160 103 -143 63 162 77 72 60 -4 83 67 250 204 93 82 31 213 8 -71 212 258 -14 -24 118 102 86 75 190 155 -99 
-4 209 124 104 -8 111 233 65 21 97 225 -1 128 122 -40 96 36 114 22 50 -124 42 118 261 56 82 320 -18 -46 143 -55 68 
174 17 147 191 74 -54 96 27 60 242 64 87 -12 126 74 132 183 244 104 68 -1 42 73 203 28 -88 252 70 -14 -26 198 -37 
197 47 160 87 46 42 67 214 176 266 -73 199 112 213 13 49 76 375 -18 53 74 -57 -46 63 112 106 295 94 89 139 -32 -79 
201 193 113 123 89 148 46 14 56 225 253 12 79 -21 -91 70 159 112 -113 229 176 40 44 53 108 142 28 109 137 155 94 -43 
285 203 310 152 -10 141 -17 -47 169 186 138 159 9 76 198 56 53 -62 202 144 123 -105 226 5 69 94 -58 125 -12 66 182 81 
333 59 128 164 194 160 -24 84 174 80 223 100 54 19 246 221 -21 146 -71 81 228 116 81 154 95 167 -49 -95 10 2 256 25 
196 138 71 198 134 160 135 -67 207 221 -9 179 128 48 344 162 -37 219 56 121 214 235 178 118 68 209 -34 -52 89 82 156 136 
274 185 37 195 240 201 -104 45 246 221 145 223 152 5 -26 308 -13 177 255 -9 72 206 253 111 133 137 17 97 123 232 169 -33 
149 268 37 182 124 93 55 47 248 183 248 198 345 172 -86 104 256 160 259 -11 138 207 85 300 165 48 286 170 9 141 183 26 
93 110 113 159 197 224 6 25 32 230 62 233 135 172 -25 69 81 82 206 152 63 142 91 73 12 231 81 147 75 166 250 83 
71 189 -12 202 151 30 71 59 14 150 241 9 117 134 31 4 297 102 78 108 206 206 -29 97 350 3 92 144 78 152 222 24 
199 195 -185 152 169 142 -31 82 63 67 186 70 10 -29 234 242 87 113 139 161 50 185 87 247 50 -109 -25 64 216 7 6 25 
191 38 117 0 175 -46 -39 62 98 -101 182 380 77 -95 163 116 162 251 239 -48 103 154 178 272 110 109 105 77 97 329 -151 116 
129 223 156 33 85 60 40 50 51 9 216 189 128 50 189 131 115 215 92 92 59 63 176 237 170 21 -83 -91 203 48 64 -151 
46 186 178 178 235 -31 86 139 88 -96 -34 226 14 283 175 89 -10 152 219 95 268 46 107 175 242 80 -101 106 42 204 95 -52 
99 217 24 61 161 18 9 33 97 179 -57 110 55 127 96 86 164 -8 31 35 176 35 101 164 60 122 -15 15 38 222 -12 28 
206 42 72 59 235 136 -148 71 193 345 75 -108 2 55 193 170 -37 75 71 167 278 90 77 273 147 145 -30 206 91 69 207 80 
6 213 93 288 22 264 130 -48 -164 257 144 73 71 121 34 89 78 -8 101 63 268 127 -6 107 121 -80 98 96 178 10 68 256 
158 27 129 71 49 241 86 -45 23 66 227 37 30 -62 158 62 63 34 165 141 85 117 124 4 225 18 231 179 97 176 180 82 
4 99 128 187 105 34 253 235 21 66 -62 210 -2 160 30 144 171 96 135 47 161 82 5 58 107 56 200 162 85 148 53 52 
93 280 206 202 -24 -20 160 380 141 54 36 221 126 46 38 55 227 -1 179 148 21 43 126 109 189 117 237 -2 99 213 210 -70 
241 74 65 97 92 35 167 240 169 138 126 113 -49 208 14 168 153 101 207 231 197 154 -32 170 113 281 143 100 -3 9 127 144 
63 18 12 59 140 -83 17 113 73 114 5 40 77 16 83 69 68 73 85 112 118 83 71 51 -74 173 22 92 -74 -27 173 -54 

20 49 46 20 74 215 111 212 112 236 3 155 42 243 229 120 87 7 153 77 113 185 44 113 86 114 140 213 227 87 -16 -15 
2 46 145 -104 -53 -75 188 118 262 287 219 -9 -116 155 67 134 52 114 66 -85 77 -58 182 -17 -61 101 66 87 121 293 26 21 
-15 -52 80 36 1 52 95 81 142 99 37 -37 146 136 -84 139 108 123 86 -58 -217 -24 -44 -53 3 -39 -86 138 -191 22 -38 48 
12 35 137 46 -47 37 37 107 36 24 -80 81 167 204 79 -83 69 72 181 103 87 112 129 -72 -47 117 146 -110 177 -90 32 -89 
77 312 267 246 172 -8 -28 -159 -204 -90 -89 20 134 164 -25 44 -12 127 106 29 -41 -25 64 126 17 96 -147 103 -126 29 36 32 
56 57 -75 158 43 115 258 11 127 75 64 -114 22 -121 129 -1 -47 -51 -68 36 172 130 169 60 47 31 54 62 -33 62 39 126 
253 153 84 46 -110 318 116 158 19 170 74 82 50 25 134 40 75 60 -69 -27 31 260 -21 -35 -54 -96 -27 57 68 70 169 101 
184 136 164 23 62 54 291 149 -104 11 -165 -58 165 15 49 21 -19 4 52 123 82 78 4 126 67 -44 66 111 172 148 86 20 
61 -119 105 141 -135 -20 61 -77 131 11 -2 177 214 93 -10 68 140 60 23 -99 105 181 106 164 170 1 56 -67 24 28 63 -109 
-123 -19 9 -40 14 205 85 -98 89 56 215 334 275 30 -168 -166 -32 164 36 0 -187 -189 -31 96 -40 83 142 -10 69 -48 -149 1 
91 14 -19 102 130 133 41 -106 -50 -46 52 134 8 38 -207 -142 -61 68 121 257 -18 -14 16 80 33 54 138 65 80 -58 111 -13 
123 -50 72 -103 89 85 27 10 112 153 -81 -177 -22 77 119 143 127 66 52 4 -71 -101 35 -11 97 98 85 50 50 16 -74 -71 
120 210 121 58 -11 -13 -26 119 21 250 120 125 -63 -11 -7 113 23 55 -84 -1 83 145 81 50 -9 -76 -34 127 -58 77 -25 55 
59 114 98 38 -50 132 81 28 79 55 -15 13 -19 -85 137 -56 142 -15 166 30 144 64 210 109 184 87 5 -107 17 143 155 7 
52 -147 -72 -145 59 91 5 99 152 -49 128 -27 -36 -53 4 45 -50 99 -22 102 80 9 -109 -85 124 203 18 -13 -37 -42 149 30 
196 58 26 33 -113 -63 50 94 181 110 168 406 225 299 227 24 -130 198 121 146 102 129 92 109 0 76 -39 179 -90 68 106 79 
52 168 104 108 114 -2 -148 89 144 181 71 245 159 123 49 -49 -70 80 59 9 82 -40 88 136 299 121 143 73 133 224 188 107 
56 57 -256 56 -49 -26 -8 -10 87 -97 27 -79 109 -35 -99 -74 -38 104 78 -50 202 162 -19 86 93 82 385 97 93 36 165 -6 
25 -16 39 155 -30 -46 -10 219 120 -90 -274 -115 -101 -75 -4 193 -17 51 54 7 29 143 35 75 -245 -21 45 74 64 58 -90 -144 
18 -59 59 -30 -87 -105 -116 15 109 -70 -41 -4 60 -51 78 -124 269 -119 -19 28 184 32 129 24 -53 -18 -14 8 -102 47 -113 71 
51 257 47 -101 -62 -157 -64 -43 -1 69 339 66 54 -32 -15 211 -51 194 10 113 -34 41 -14 42 79 -26 -168 -73 82 -103 -26 -71 
104 91 83 77 116 8 158 6 -172 23 201 338 78 66 118 152 188 264 185 215 41 19 112 308 310 234 174 107 208 220 167 38 
-60 -3 99 204 17 93 67 84 -104 -69 33 44 -32 243 359 26 93 -162 -130 -85 -11 94 106 22 84 24 -16 -76 5 97 54 95 
52 123 -48 205 127 42 209 63 79 -161 -25 -123 -176 117 37 91 8 -76 -138 -205 130 153 116 -4 46 95 -29 156 83 218 153 120 
46 89 76 65 -22 174 36 91 -152 60 -36 -25 6 33 -82 9 104 183 49 153 39 -132 38 10 104 -130 -132 -83 -25 5 3 30 
158 -5 199 53 335 157 -71 105 -9 83 215 167 176 -21 44 12 39 138 192 321 180 11 -28 81 45 -116 -117 -17 151 128 220 41 
-159 126 -6 152 146 72 270 55 -50 56 -209 76 99 111 -82 1 66 -102 34 97 167 115 -37 -78 -247 -211 -36 89 216 143 239 94 
127 83 30 -14 -142 -43 70 54 188 -235 -119 -236 -243 -39 -21 68 23 -60 197 28 -102 -70 15 -30 47 -59 210 23 -33 -18 48 -9 
111 166 125 119 69 -45 119 233 52 206 119 -12 -25 25 -53 122 165 152 129 -30 96 31 -63 65 -4 237 3 115 -114 -7 -132 77 
-95 -157 -165 135 -63 -151 -90 9 17 182 -44 117 40 87 -7 77 80 -37 233 63 90 49 37 -44 73 38 -51 -207 -47 1 266 -73 
-2 -284 -63 30 8 128 167 -38 -76 -261 -71 -47 32 -18 67 93 -37 -86 106 81 250 100 -16 75 65 111 -1 -68 -127 -13 -70 -35 
15 -3 -45 -176 -95 -45 -14 13 -85 -233 -182 -191 -70 -207 3 -23 -81 -29 -165 19 -122 -122 -171 -161 -117 -32 -127 -50 -101 4 -72 -85 

53 -10 100 12 55 143 88 92 88 215 134 171 69 241 195 135 51 -23 91 101 12 161 120 6 28 192 -18 28 217 38 97 128 
0 81 202 158 108 33 70 103 166 171 333 25 158 20 68 -33 3 233 -14 133 243 20 34 157 160 -87 83 24 29 151 228 73 
50 135 62 67 25 201 42 81 345 211 -70 106 184 19 -85 122 138 163 141 217 -86 65 -52 25 159 -15 77 175 118 87 50 65 
120 55 152 -1 93 -14 105 235 156 13 161 68 130 16 192 66 174 70 167 79 96 20 129 147 18 11 135 74 124 130 113 -97 
40 179 36 139 155 -2 55 146 8 -14 72 51 -1 39 37 145 134 97 25 38 33 -89 124 148 144 57 -47 42 41 -18 17 -16 
238 -33 160 119 -37 106 95 145 3 23 162 38 -163 7 235 -47 169 91 -55 -22 20 323 182 85 112 -39 96 14 138 12 -30 97 
-16 219 233 -53 25 105 143 45 168 86 9 79 42 139 87 228 88 75 67 115 108 84 119 131 68 23 -54 151 131 15 129 114 
-17 100 140 102 206 1 84 247 87 66 165 -50 108 198 49 143 135 -144 29 124 235 56 87 148 111 -37 186 127 134 100 129 88 
63 81 27 128 47 29 31 21 114 32 79 154 68 119 67 32 -23 120 105 192 42 -54 41 173 84 41 61 135 59 9 200 45 
-100 80 84 -50 120 174 36 251 9 130 138 114 104 127 136 -30 25 -67 193 71 -1 -161 149 -10 84 73 97 254 30 16 -37 3 
153 159 -50 184 163 44 178 60 5 -1 240 -3 114 26 -41 104 9 99 307 151 31 81 27 46 121 80 138 154 -67 95 42 57 
-16 72 249 103 110 47 -32 -37 92 280 121 -11 -47 44 194 43 133 90 145 -48 -14 -20 -45 140 79 124 94 97 131 170 69 -12 
79 213 172 161 -26 -67 -21 215 -38 59 32 262 25 77 -28 13 -6 160 -3 -155 8 122 162 145 -26 -100 189 89 12 -13 107 204 
23 182 38 93 84 79 116 -64 146 154 121 -27 219 119 150 34 135 95 -79 35 269 109 -46 17 3 229 56 -144 68 179 103 -9 
152 66 105 -80 116 100 71 195 14 38 62 193 92 142 -125 201 215 -11 130 100 118 111 42 19 179 107 32 150 -53 3 -99 135 
159 162 59 270 35 105 107 -31 29 109 243 164 125 41 220 169 149 24 66 186 136 -10 87 298 3 64 100 87 86 -17 187 130 
34 200 174 -101 171 237 146 84 120 340 127 74 113 121 123 -38 132 25 47 135 32 -16 114 66 188 246 211 -51 124 165 186 221 
231 6 -138 148 108 100 151 31 154 31 172 83 194 84 117 114 -44 165 124 137 49 120 64 128 113 144 89 142 186 62 158 95 
-28 -101 213 49 88 44 19 122 84 136 4 116 -13 80 71 134 166 -7 132 92 57 98 318 211 -18 133 18 84 63 195 -65 66 
4 88 178 -104 38 89 51 -25 -13 -29 90 104 58 49 71 -58 169 106 84 162 143 179 128 -59 80 126 83 144 15 -110 78 152 
45 227 -2 18 97 65 132 -7 -65 117 94 65 -3 53 -128 270 90 138 99 158 54 188 -99 -4 189 94 67 -51 32 40 301 -98 
141 54 3 216 95 210 119 -14 -86 52 -66 68 123 69 149 -5 276 51 184 225 21 -116 -18 80 194 204 108 93 -67 186 0 20 
120 14 220 49 173 72 -171 60 105 34 60 28 93 -13 100 252 103 36 111 -155 -87 148 72 137 196 88 74 -121 15 83 54 62 
179 118 21 115 47 99 86 68 224 102 5 1 58 -51 19 173 28 -20 -58 -2 126 205 54 216 165 156 -44 -9 139 23 137 48 
-27 21 200 -71 103 96 82 93 -139 56 91 7 61 1 90 27 -7 68 140 183 62 80 68 102 154 -151 -13 -12 20 100 92 34 
212 150 108 34 220 39 128 -145 75 33 138 233 -13 -41 127 41 159 -22 136 19 152 151 10 84 -27 93 1 14 115 175 163 66 
15 112 48 143 170 88 122 114 111 86 -4 -96 -20 184 -62 190 89 64 -4 -99 25 243 88 5 -72 48 -104 128 59 160 54 6 
247 43 87 140 2 44 73 165 20 43 133 8 56 -29 119 106 9 -15 75 125 173 -70 -113 52 12 24 146 162 141 5 -49 1 
119 10 127 97 136 173 145 74 27 201 144 -67 161 -23 59 -15 76 206 96 -54 36 184 35 -51 63 199 -34 199 30 -41 -45 158 
12 -31 56 173 153 37 58 -28 225 102 -20 -23 51 -15 166 149 32 71 75 306 164 45 -4 18 230 -81 217 65 -56 34 192 43 
56 129 220 40 -83 106 18 136 73 -74 -51 95 -9 116 136 83 95 191 94 57 77 86 53 79 47 2 124 -19 21 68 -180 66 
6 157 20 -48 63 -55 -54 79 -42 35 78 -17 68 8 55 -71 47 7 -51 116 -81 48 0 4 24 -58 -65 -7 29 -32 82 54 

28 -65 133 93 130 157 34 54 106 -31 152 -152 193 14 61 -70 -113 121 -114 172 122 -89 142 -49 65 -52 -28 30 106 56 45 190 
-21 49 -14 92 -93 189 -55 135 129 27 -185 127 -134 12 4 156 30 146 122 189 43 284 38 160 156 107 272 13 218 -12 -69 -91 
63 81 -107 -111 94 90 209 145 174 96 353 155 123 89 194 -51 143 12 12 -75 104 -27 21 142 50 113 133 67 93 135 105 -23 
-70 138 -109 -26 -31 -59 26 17 269 75 7 141 22 -36 -3 229 -53 74 14 12 62 215 112 -18 162 -15 -219 159 -122 81 -81 9 
16 -183 333 75 77 19 -42 139 -62 94 -59 -39 70 -9 20 -45 138 76 155 59 26 -17 -24 -106 216 91 251 -194 152 160 62 -25 
-47 141 -8 -35 113 -56 -88 -80 173 -76 100 152 33 266 24 180 12 241 150 220 102 -39 14 146 1 88 -96 254 175 49 103 69 
-55 20 95 -26 23 67 112 53 226 133 100 100 69 105 175 92 135 -140 59 32 72 -16 52 -16 38 52 142 -4 78 -19 5 35 
84 115 101 95 -49 286 13 -73 61 -42 112 10 -134 -69 73 119 -60 88 -76 95 -22 -10 -71 -15 -3 -37 12 156 -60 85 105 51 
8 149 2 -101 278 -24 59 231 -127 34 -126 -27 -30 -18 167 75 108 35 50 70 201 4 134 25 158 99 -37 100 142 20 -55 65 
32 23 207 200 -55 -18 103 84 286 90 209 26 124 -7 156 257 156 173 -130 -67 100 227 12 132 -47 132 178 -35 14 88 84 40 
-119 90 290 -34 161 86 -141 -91 16 -22 164 137 207 -6 3 -132 235 -32 344 -32 91 22 89 15 -105 -65 -80 77 141 137 153 131 
-44 -93 17 111 153 95 42 126 30 84 -18 269 20 271 82 43 -144 -37 44 -75 28 -36 -92 60 156 47 161 48 -42 62 129 87 
59 8 70 56 163 152 111 -79 169 -132 78 -50 200 -9 83 1 231 76 -41 171 -26 86 14 -12 -32 100 22 42 60 -165 -100 -58 
119 258 247 191 173 31 5 26 -44 315 43 136 -90 250 -59 219 101 187 72 66 129 68 148 113 108 29 -54 52 35 137 -124 95 
13 91 -22 96 -63 374 175 106 -48 29 56 -72 -139 -167 82 -35 308 4 85 -160 71 25 128 105 23 169 92 -8 -8 140 210 -48 
-38 95 130 -141 220 17 135 148 40 97 66 130 95 56 74 -10 123 -42 128 135 33 131 11 -103 43 -143 114 -83 121 115 63 193 
148 -165 107 245 -111 90 141 37 97 59 234 209 236 211 118 37 40 271 27 298 48 -14 24 255 -63 125 -32 48 -7 3 33 -50 
6 171 194 -79 127 -13 -1 1 -117 36 196 281 102 173 118 -54 209 119 -15 63 179 87 90 -70 257 91 67 147 80 18 -25 200 
106 25 -4 72 250 181 244 68 118 -53 211 57 -20 -237 -37 -50 44 97 21 48 81 -9 131 -2 33 102 244 -62 68 148 216 124 
180 55 68 105 101 67 197 190 -6 37 -107 65 48 154 -261 294 -145 251 47 -67 141 -21 -111 107 -31 47 134 200 58 96 64 -116 
131 -55 -58 123 -61 160 -191 63 141 163 -153 -19 6 84 174 -181 273 -181 123 31 73 150 224 -37 -14 -92 -78 86 -3 -132 -83 3 
26 246 69 -174 -5 -144 -40 -142 -30 155 167 150 138 -65 -120 -61 -26 143 161 141 -70 82 -131 153 83 205 72 38 47 48 -81 -3 
44 -2 69 50 79 23 48 -74 52 150 291 30 251 -58 -25 183 89 166 46 281 51 154 82 218 44 123 17 11 -6 25 94 -149 
55 -77 275 14 -47 117 -30 129 -101 88 99 -80 158 60 121 54 -13 58 -76 1 23 78 55 -102 164 -177 232 -148 166 -61 106 50 
146 94 -47 90 -69 -126 164 -193 111 -134 238 78 -223 190 13 60 284 -25 78 -285 -63 85 99 55 104 220 225 235 188 100 25 56 
31 293 41 60 125 106 174 132 -23 184 83 78 38 24 -66 189 -57 91 -96 86 10 20 92 224 265 203 -39 104 -230 36 -7 -63 
67 -195 76 133 263 260 24 83 48 3 160 232 211 139 183 24 30 89 145 16 47 92 194 58 -50 77 16 65 229 124 8 78 
-28 105 46 18 69 -61 36 35 -53 62 48 19 165 -74 22 -6 -2 73 89 255 181 92 -37 -27 -75 -14 -100 321 134 271 202 113 
166 225 260 271 102 156 303 5 208 15 -51 62 -55 44 151 170 45 55 122 2 -71 88 170 106 212 -24 276 -107 159 -65 120 -27 
104 219 362 66 31 28 -53 184 138 175 393 43 220 -80 92 56 71 124 91 51 106 -61 4 3 12 168 34 164 154 109 -138 89 
-75 37 -115 111 66 -39 7 23 66 72 214 96 117 79 -5 -9 89 38 -70 137 -2 162 181 141 228 -82 63 -96 15 75 93 26 
-68 -192 3 192 192 249 120 64 18 -68 -39 147 -87 144 -14 54 -99 51 93 54 171 92 70 54 26 145 31 -21 29 88 22 27 

74 160 -19 -54 -52 9 -144 75 0 -97 -32 -82 -26 -18 -51 -163 23 30 -115 67 103 90 3 1 71 115 -62 -69 -1 -278 -133 27 
-108 81 -45 94 66 114 -62 -208 8 70 -3 137 16 -12 18 67 1 98 89 -89 -27 -3 -16 80 -203 -5 247 -124 59 184 -41 -139 
33 55 -146 -136 -23 -42 42 -14 -13 -39 -32 -71 64 83 -125 -68 18 -8 13 72 79 110 -115 23 150 -248 -135 252 -185 -31 122 91 
-35 245 277 -81 -19 -66 49 -89 106 59 -155 -29 9 -171 -47 147 36 -58 146 -111 -124 -46 94 -3 -39 76 -122 -25 82 114 -150 -111 
-16 -191 -35 -19 27 27 64 144 -76 147 81 -33 71 204 -6 107 115 26 73 -25 -85 24 202 -44 -8 43 100 153 51 -85 199 -60 
67 90 -36 -32 128 181 45 6 149 -128 -30 213 37 -36 78 47 -101 -12 11 130 55 -82 -213 24 -77 71 83 33 -63 -35 -141 -25 
-21 5 -3 -34 -133 102 54 -241 44 81 -39 12 51 -125 -32 -53 -35 40 -154 -77 -7 228 114 -52 -63 53 44 -49 61 113 -69 -130 
26 -84 34 33 83 102 -13 14 -165 119 16 -116 198 -85 -97 73 3 -71 20 206 85 -122 -27 306 -60 -133 59 22 -89 -88 69 20 
160 122 28 -89 21 70 148 148 157 120 -66 14 18 0 101 71 126 -5 -92 31 105 241 -106 -185 -59 170 8 -48 77 65 148 -59 
67 103 182 -95 11 137 -85 -146 -88 75 -2 49 78 -142 81 -1 -21 114 251 -106 64 56 197 105 -235 -15 187 -43 -18 95 48 20 
-83 -78 39 101 -70 -71 40 -20 197 -110 18 -9 73 118 41 -89 -10 -176 1 -128 -270 -46 157 149 46 34 -67 77 58 17 4 -37 
13 -19 -2 -46 29 83 131 -68 -178 -10 -37 128 -70 10 -67 -4 -41 -87 3 54 -35 18 20 -40 -154 155 125 -120 -193 -142 17 27 
71 56 -78 -7 9 -51 -76 76 185 207 -181 -2 -5 -8 83 204 215 276 -58 -5 -48 57 48 34 91 -107 -67 125 156 -41 -62 -161 
-64 21 -171 117 -9 23 97 -21 -33 45 -62 -87 -84 41 -61 -97 -22 118 11 -8 -65 -157 61 77 -3 99 116 25 -33 185 -2 -3 
168 29 17 -109 -70 -7 -68 61 -11 34 144 75 -105 17 -122 -108 88 -116 25 -51 152 -7 -136 -128 0 -68 -23 30 6 144 116 -71 
-18 -64 125 85 -85 39 95 102 161 -94 67 25 69 -5 41 -96 7 16 -12 200 -254 -98 93 27 13 -13 -69 94 27 -174 52 -94 
91 -160 -174 -29 87 -54 -18 -75 -15 -20 25 -31 -91 5 127 190 -32 29 -232 178 208 -120 -67 80 59 -21 -18 -167 -80 48 29 -32 
72 77 69 128 -41 -47 117 115 160 5 107 -88 -98 -61 62 -1 -92 211 -40 -183 16 206 26 -130 117 80 -28 -114 61 0 38 -53 
120 -30 -15 -32 76 82 -50 -77 16 -64 70 244 97 -123 -81 217 -103 -41 188 20 -30 -80 180 91 -38 155 87 -34 49 123 0 -50 
9 -98 -20 17 -22 -48 49 152 99 6 -173 -132 34 139 -140 -72 127 108 -40 -76 89 69 -233 78 -88 -91 116 148 -124 -1 106 -218 
121 113 -112 -21 -14 90 -10 -133 -46 63 168 -44 -157 87 42 -46 -124 -118 180 40 -239 82 70 -51 89 110 -118 -23 179 -152 21 62 
-27 52 -2 112 34 -151 21 -22 14 119 90 -95 67 -112 137 56 48 13 -186 65 111 147 -166 -33 -21 -53 11 -145 -181 90 -131 -28 
165 -68 -19 -231 -74 36 90 -20 -21 41 217 -67 -66 -95 -70 -19 -138 61 26 47 101 -37 -7 177 33 -142 27 151 250 37 112 -57 
47 -13 -7 115 -15 41 -217 -152 -13 -91 108 124 65 129 57 173 55 27 28 -230 -48 -7 73 55 110 -82 85 53 90 -68 -39 15 
33 191 -62 118 11 -20 261 -50 -16 -19 -23 11 -108 45 67 5 24 29 66 -32 0 -182 185 108 6 -123 -169 44 65 221 -102 -114 
-78 16 110 -25 199 -79 -137 106 131 -59 -150 124 -12 46 97 19 -106 -71 34 -10 99 -35 -40 -54 -34 63 -31 127 -121 31 -1 -169 
-36 97 2 -27 -86 -59 62 -89 -152 105 -7 -48 135 28 -82 71 -16 211 147 51 99 -147 -64 80 -215 -6 39 16 105 40 -74 -31 
193 18 31 123 167 227 -38 -177 223 176 -90 -9 -7 -4 174 92 -93 -153 -84 -55 89 -5 98 152 40 -59 -97 -155 -56 -1 88 -62 
-39 48 133 -15 -128 -11 114 -63 -99 -85 100 -156 -23 -125 55 80 -26 96 70 -27 132 -107 -268 -13 -9 -66 138 117 200 -79 -71 26 
-105 -26 3 -54 -128 33 55 -166 -70 -30 -2 43 68 -76 11 8 16 -47 -12 -6 -145 -26 141 40 -53 -125 -84 -209 -62 120 -23 -85 
9 -38 109 262 34 137 -21 21 -85 -107 28 80 -68 159 -84 3 -67 37 23 -17 110 -83 -239 74 94 22 62 -44 2 19 132 22 
-63 20 2 -98 -54 70 101 197 86 18 -154 59 93 8 165 -15 88 64 99 -16 -54 81 93 100 -30 133 -5 50 12 68 61 -60 

12 204 37 340 208 79 137 220 74 205 199 295 349 203 67 44 84 -25 183 219 168 203 179 351 174 29 73 201 129 33 214 151 
151 121 61 279 270 181 199 234 167 281 198 242 -1 297 211 275 163 9 231 313 283 187 304 447 213 264 63 188 330 272 -88 131 
25 -61 -17 108 329 219 338 349 454 376 478 292 -4 164 297 274 170 162 100 130 270 63 37 380 349 135 219 335 276 435 314 129 
28 143 15 -62 -71 196 347 299 471 408 235 289 90 110 263 358 195 177 179 244 174 163 88 188 215 90 81 217 248 115 112 21 
-17 163 256 16 48 115 142 252 432 262 84 236 289 73 175 406 201 132 160 107 54 229 228 245 276 266 127 202 193 140 102 -54 
-105 218 253 164 269 24 66 170 248 119 53 82 405 186 86 338 169 242 273 265 199 186 164 183 75 338 277 190 47 293 75 -16 
73 117 99 192 157 187 143 258 309 219 184 26 198 158 369 96 166 198 36 267 151 286 212 243 55 285 252 5 273 257 149 102 
130 184 349 138 148 164 102 154 159 429 192 17 56 190 409 206 170 151 94 273 85 207 227 208 -77 217 114 178 281 144 375 219 
125 264 333 73 124 54 305 332 60 92 182 -31 66 196 329 354 254 -6 260 205 218 112 160 59 133 112 75 266 226 160 327 180 
73 288 268 207 141 41 279 219 396 177 157 103 69 202 403 370 217 112 51 62 233 152 124 150 210 215 207 155 136 78 163 106 
-9 134 308 334 99 -13 48 38 250 118 259 403 47 70 216 62 287 523 161 129 44 22 96 108 55 91 235 306 272 151 106 28 
54 140 236 362 234 192 161 99 38 132 199 375 338 213 -22 6 23 77 240 229 -22 20 145 55 238 197 134 239 235 152 239 44 
160 206 94 273 252 225 151 9 42 291 155 216 150 134 188 315 193 155 241 148 122 149 5 -63 54 92 113 231 -42 90 270 197 
255 351 317 422 288 173 52 201 229 278 262 330 240 330 239 211 252 233 269 82 160 244 178 208 123 -89 157 224 118 90 39 95 
184 236 298 387 315 410 322 -23 76 132 301 2 94 77 146 298 336 149 99 105 257 268 296 327 215 256 165 -103 102 74 189 118 
199 287 383 179 271 382 334 198 193 252 370 212 148 207 -8 277 300 255 171 218 79 271 251 46 165 273 170 186 11 93 235 124 
114 322 194 236 295 279 459 304 268 371 385 401 410 180 229 393 214 269 257 277 107 259 407 346 281 133 188 115 140 130 192 186 
50 231 299 248 194 232 178 4 123 440 433 376 474 391 227 236 221 256 250 372 307 65 236 360 362 274 269 104 227 213 361 252 
78 214 169 189 363 373 268 -85 28 163 432 179 199 353 170 55 84 366 324 150 312 499 163 170 490 263 149 299 353 179 361 209 
257 83 81 216 242 326 305 121 41 -119 125 291 136 122 73 68 193 306 333 211 128 174 126 242 55 250 260 246 107 235 227 129 
249 64 103 175 209 191 188 230 352 -125 7 26 184 117 84 20 68 281 206 173 266 192 275 109 -78 113 59 106 104 210 2 150 
306 383 233 20 198 103 -52 39 184 228 248 159 261 36 -54 201 120 487 178 97 54 204 100 243 324 120 123 -140 169 -53 70 43 
185 415 237 109 46 182 70 -3 147 248 163 413 312 104 204 96 185 341 373 421 281 65 217 432 380 162 175 182 121 259 139 -41 
-19 295 196 250 185 207 49 -11 160 60 100 268 389 208 200 202 19 18 184 235 232 73 251 215 438 240 181 132 -44 211 172 31 
86 203 72 239 170 205 103 -127 145 241 34 32 103 208 294 399 230 123 -4 -78 153 243 424 63 192 358 200 129 145 172 223 135 
170 226 344 237 110 235 89 185 111 162 350 83 -134 154 194 168 54 283 127 98 107 136 296 224 230 191 99 39 92 79 95 126 
48 236 353 298 365 287 285 71 10 149 446 449 257 39 188 176 159 284 73 108 364 163 77 259 159 272 246 138 346 107 92 101 
30 119 87 96 297 372 293 7 284 105 152 387 178 167 204 33 137 144 207 244 215 109 235 123 41 182 117 208 413 414 166 55 
145 361 334 180 291 327 268 303 269 -45 85 129 160 50 250 177 203 88 -1 189 308 141 225 290 153 143 176 281 264 271 275 168 
164 420 340 240 90 156 160 469 282 442 166 208 119 142 97 194 352 220 425 258 184 102 128 266 51 318 296 308 381 133 243 163 
113 185 276 395 224 51 -72 78 243 413 387 172 367 214 114 96 319 166 257 181 327 334 171 156 160 213 163 180 108 -30 344 150 
6 32 192 355 325 219 138 109 164 142 187 239 257 160 135 9 60 171 166 161 241 322 232 238 162 219 221 249 47 164 71 106 

40 -4 89 40 -3 1 34 122 -46 236 92 128 -30 146 137 170 76 27 62 76 102 139 173 158 -12 176 111 21 180 102 -7 45 
-121 65 21 181 98 206 52 60 331 221 377 229 310 179 187 223 24 361 55 261 149 221 206 168 213 67 163 69 222 218 204 277 
-32 216 106 8 94 235 165 229 371 361 96 159 216 134 233 107 33 160 148 127 88 243 -82 246 195 -84 250 95 104 239 29 -38 
-39 122 150 145 258 131 226 226 485 320 191 144 166 331 138 225 110 186 218 185 158 138 366 77 287 160 118 328 289 140 251 18 
79 37 211 163 318 71 244 362 218 54 120 182 189 224 185 204 95 208 208 164 55 29 -9 97 209 153 193 175 -94 282 -31 18 
130 42 144 83 31 233 199 230 310 38 287 308 -13 47 184 18 114 221 -3 101 120 290 273 124 263 199 92 -27 369 36 -44 70 
146 158 517 57 123 106 71 104 66 138 16 167 22 129 141 249 248 121 80 190 42 240 97 359 -63 43 -42 97 164 92 93 213 
90 166 242 32 135 86 347 145 402 96 -9 41 99 94 221 282 160 51 -15 200 365 175 145 137 209 118 107 159 191 213 314 97 
171 185 209 -24 217 244 -78 224 145 79 169 137 171 294 318 230 219 140 182 -19 303 118 58 203 80 86 65 165 174 141 177 126 
51 170 74 99 135 47 184 161 156 -80 121 143 332 203 204 -86 -39 80 116 191 91 -55 118 42 21 191 106 313 241 133 100 113 
-60 70 215 65 104 221 192 56 73 3 278 60 263 148 47 53 156 -65 324 73 109 63 164 116 151 239 115 142 58 138 38 -53 
17 157 158 54 237 170 207 21 148 226 236 259 81 -72 154 235 170 246 317 127 21 5 -33 -10 61 69 176 232 113 27 -12 105 
11 322 148 409 205 110 7 37 170 259 161 254 27 186 68 47 156 365 145 140 -55 126 164 321 87 90 293 66 133 196 138 69 
102 155 278 71 242 65 126 168 149 119 160 16 108 113 -6 6 278 143 97 -92 174 138 113 -30 237 105 287 -69 133 122 95 161 
161 284 310 82 44 150 140 158 76 212 356 216 175 229 -59 178 205 64 -13 229 116 256 152 14 12 149 18 183 -82 115 110 42 
109 262 340 69 271 161 172 215 171 181 144 275 155 327 355 155 400 -32 216 333 270 155 242 241 403 29 196 33 -9 79 97 132 
241 159 153 240 158 178 160 66 47 116 334 179 243 116 351 -11 71 272 -53 290 240 93 135 143 210 239 249 -69 217 3 336 242 
238 143 297 111 156 132 171 195 295 241 339 319 240 204 207 137 35 304 227 173 287 172 387 228 155 287 178 174 321 244 158 185 
231 -9 224 46 353 147 93 179 195 150 143 284 192 118 45 82 237 269 109 145 189 79 216 237 148 148 130 257 145 305 190 132 
99 -4 155 70 149 46 135 43 158 131 128 184 132 271 -40 137 155 102 306 35 268 216 399 196 36 176 186 222 198 149 102 59 
129 263 213 299 49 63 197 36 -12 139 117 214 278 139 -86 155 73 334 78 324 169 275 53 78 144 158 125 40 51 -33 304 -1 
112 124 139 70 55 157 224 90 -42 193 64 222 118 192 110 30 444 133 326 289 392 142 120 186 216 257 250 92 216 247 234 137 
182 215 70 193 163 260 -40 40 72 -16 293 68 241 74 72 310 233 153 143 92 -50 41 144 156 194 131 61 81 -53 141 24 40 
153 246 180 314 167 152 178 17 -3 59 253 57 237 81 144 468 151 390 142 14 60 146 344 271 381 112 269 51 307 121 194 96 
145 125 260 198 86 116 143 176 70 21 114 185 15 160 214 11 90 39 127 193 67 205 181 16 314 66 -30 -150 -30 49 3 67 
-14 300 192 62 365 18 488 -24 5 -17 267 156 216 214 54 141 79 236 57 163 323 263 178 258 153 190 72 111 118 282 346 124 
174 60 -15 206 165 224 70 -51 292 148 -89 211 -33 115 24 166 65 118 184 183 144 80 256 164 -85 12 -154 -46 199 223 241 31 
182 144 350 192 344 107 17 238 242 7 374 -114 152 -38 67 185 68 193 21 115 226 170 72 240 140 116 103 316 300 199 138 152 
64 133 151 184 85 121 310 112 23 339 92 134 207 -75 193 138 67 189 228 301 192 115 68 46 -139 145 113 303 308 143 164 55 
122 26 121 140 40 283 68 -21 190 64 264 63 112 54 128 198 3 125 228 5 163 146 112 106 296 123 337 -7 138 -22 197 121 
9 117 233 218 261 276 247 347 329 100 101 -21 242 -35 247 54 230 253 87 293 335 255 143 153 195 247 256 254 44 325 5 126 
-1 143 55 115 -71 -78 -25 232 17 103 -13 184 -51 141 98 118 163 144 140 165 49 83 42 3 127 107 107 -86 45 19 64 -18 

6 171 -43 68 33 44 127 157 121 132 109 68 218 99 118 13 94 4 -22 134 113 30 74 185 33 -58 223 88 11 116 -74 63 
59 66 71 63 104 103 72 46 198 -7 70 163 -111 78 135 215 -78 16 132 -164 -25 178 22 7 81 138 -74 143 65 275 -244 21 
63 -164 -5 -34 180 -16 294 108 -121 190 148 -43 -69 92 188 -35 124 76 -17 -4 116 -96 52 -88 198 -9 -37 -2 99 -18 267 8 
16 129 27 162 -92 -25 -1 78 112 65 -7 244 54 119 -62 67 20 160 -31 178 106 50 -34 -42 106 99 -61 -28 144 -113 38 110 
92 12 347 -17 -126 105 -37 -136 69 16 52 -61 207 98 -104 -23 175 21 87 72 -129 131 -54 201 -42 164 -1 -39 -40 121 -63 38 
-14 165 -5 104 175 32 -32 39 65 58 -56 -69 96 -71 -70 194 -66 -35 51 135 24 -114 203 165 -9 -60 117 117 -96 39 126 23 
144 -74 74 28 36 36 206 118 -31 258 2 -99 89 61 116 4 96 116 -28 -24 198 242 -52 -10 -105 53 240 -76 113 161 115 63 
183 15 56 -13 66 167 101 -64 65 -40 127 181 -146 183 210 -98 -8 146 41 -86 -20 46 162 144 34 73 -91 148 113 30 167 26 
-105 63 64 95 -15 -81 -30 200 -26 -84 144 -3 98 123 -40 84 190 -172 111 -54 211 22 78 -100 179 51 -103 6 92 84 -130 198 
-75 -52 117 161 -101 -35 223 -85 165 105 200 104 201 -146 -143 115 34 150 -156 -16 37 4 -14 85 -37 111 138 -46 -40 34 -44 5 
-73 35 93 44 172 48 -35 -24 75 110 -145 265 -87 -64 -58 -21 23 270 64 194 -53 -63 10 184 99 -50 56 204 106 -63 53 -62 
131 -7 -111 253 10 71 -28 63 -53 34 58 -7 99 76 44 53 -3 62 -66 295 -44 -91 -44 -84 50 85 131 -20 159 39 59 99 
7 157 -26 -20 75 116 -17 13 145 53 62 -71 175 -15 42 55 160 -259 84 -10 18 63 94 -22 124 -46 -203 131 133 -12 -72 81 
105 -80 303 -130 163 15 38 27 -52 54 256 -4 -106 58 94 173 -46 65 253 16 -38 206 110 -3 128 -164 85 13 -62 51 205 50 
2 41 -111 96 16 69 157 -65 121 -67 62 8 19 52 202 -100 77 181 -161 215 43 52 -24 155 -37 242 23 -115 57 -38 94 -84 
-26 157 62 31 178 5 88 169 51 91 -13 313 152 119 39 -39 17 151 140 -44 45 109 85 -85 231 47 78 66 81 -32 30 142 
74 -47 92 163 -68 15 95 184 95 36 326 24 276 -101 -50 106 -92 131 93 16 79 -75 130 200 44 -34 226 130 90 124 117 36 
-40 128 93 -202 95 -76 2 132 -28 229 -82 104 -100 223 -169 119 228 -30 78 -45 216 20 -33 102 69 210 77 155 -63 88 -54 178 
24 -114 -36 117 104 49 53 -71 -71 -67 28 24 -29 71 225 7 42 -33 130 149 -35 208 68 -90 150 99 25 76 -28 -23 143 -68 
-28 35 -98 273 -140 -84 146 -11 79 -102 -219 5 180 -29 19 87 -56 79 -15 68 87 57 -65 200 -101 -107 159 -13 107 -17 17 -73 
119 39 79 -170 13 29 -18 114 207 -2 107 89 -86 12 61 -69 36 110 175 -3 67 -70 242 46 -46 -5 -66 30 -5 94 -128 284 
-34 227 188 -126 94 126 -8 181 -65 -56 175 65 61 1 109 206 15 192 79 -31 106 -46 150 -30 206 75 122 -173 229 -33 39 -86 
-115 219 -28 251 -181 159 134 -144 -32 86 7 73 66 107 -42 77 27 -38 -6 130 9 -56 168 34 181 107 -94 257 -121 127 150 -40 
-115 190 122 83 171 -130 208 49 -85 36 -58 -55 52 267 47 -48 -100 -140 -78 30 128 150 34 -100 123 125 68 13 -79 134 -7 212 
212 -166 -39 101 54 143 98 -73 5 -68 -19 -53 12 12 76 78 178 100 -28 73 60 -33 76 23 -78 156 -107 -50 58 -23 104 89 
17 104 52 140 46 131 -68 -17 125 150 64 109 -5 -61 -46 139 -82 151 76 169 -2 22 -49 128 63 -123 51 -49 65 47 207 53 
38 -87 287 128 83 175 50 65 -46 -87 115 101 57 -83 81 -137 101 74 130 61 16 46 -23 -25 -61 -102 185 24 255 -57 120 -38 
-60 114 94 -114 6 19 173 72 23 -100 -74 37 103 -22 45 34 47 -3 -36 14 0 96 -61 -29 24 79 24 92 -116 169 -6 -50 
47 166 -46 12 -103 88 150 231 73 -8 26 -34 -49 46 73 155 66 86 81 69 -96 -22 83 134 -9 88 158 -104 102 16 17 -33 
-2 9 10 60 17 1 -84 243 -5 189 15 101 -69 177 -195 68 217 17 62 35 160 149 8 9 42 38 -169 -43 146 44 40 187 
16 -83 -16 237 203 -166 32 -95 -49 59 47 -109 154 -56 131 -88 74 -16 132 184 93 38 -11 -30 23 156 -103 114 -209 -4 162 -90 
-29 -98 -16 3 55 110 28 -135 11 -146 -71 51 -27 35 29 53 -116 -14 -41 -84 87 -48 44 -149 4 -5 49 -11 -14 -42 -114 37 

