189 301 192 -111 -79 303 -61 -2 209 -98 276 392 -98 -13 -16 154 
-111 -26 173 244 272 -2 239 288 -39 -19 -23 241 -29 206 321 -48 
-86 -91 269 216 430 341 200 355 128 -56 -63 226 172 220 215 -85 
192 313 226 241 -59 -57 -8 -14 85 235 -24 -2 -18 -14 -36 245 
310 307 188 283 -104 274 329 235 -96 -115 -60 -56 -38 -113 -1 -25 
-38 -108 -8 -65 277 -18 -72 -20 227 -52 -13 -35 164 -8 89 -48 
242 198 -19 -8 -8 254 288 -98 -20 309 -6 -48 -3 -40 243 -90 
301 275 -31 -164 265 300 -172 -21 -3 445 212 -40 -18 -73 123 135 
-13 216 255 -5 -5 318 -57 289 -27 -22 205 342 186 217 -83 224 
209 -4 -25 -42 225 278 353 -44 -1 132 332 261 325 222 -23 -16 
161 -8 235 -9 248 -24 376 -30 389 284 201 422 -30 238 288 246 
184 347 -38 -11 145 -10 -38 191 347 191 177 347 240 -85 276 -13 
184 256 287 256 -81 91 220 393 -52 245 331 215 217 -4 -72 -31 
-41 -40 -60 -33 -56 -110 -236 -23 256 -15 -77 182 -6 -61 -117 220 
-14 -64 -114 -79 -103 -40 -29 206 -58 257 -53 171 -16 -48 165 187 
-4 248 -74 -6 -2 -165 -23 -37 249 317 -3 -9 -63 -22 -19 -47 

-38 -26 168 173 367 -2 301 232 -19 -19 -23 371 -70 146 321 -48 
246 70 269 327 430 381 196 355 457 -133 -63 104 239 173 296 -85 
233 309 226 289 -59 198 -8 -14 199 249 -24 280 303 -14 -36 -22 
310 307 296 283 396 -18 197 398 92 176 -70 351 -38 -113 -16 258 
180 -62 -61 -65 230 -28 244 -20 -25 -87 -31 441 388 -8 233 217 
-2 381 -19 -48 -8 315 165 -98 394 -30 -3 -30 -3 -40 320 -52 
258 353 156 -164 306 300 -172 -21 191 188 -9 -40 -10 -80 147 305 
-13 323 255 170 169 318 -57 164 -78 -22 261 197 314 217 -83 270 
236 -1 215 -42 305 296 377 307 267 202 377 352 325 305 161 203 
110 320 235 -81 -27 -24 247 -30 458 265 336 346 -30 292 286 139 
240 347 -38 -11 -117 -10 209 191 347 191 -146 197 144 -85 245 -13 
469 256 -40 256 -81 250 220 -97 206 143 320 329 392 -4 -72 -31 
-41 225 -195 -35 -56 158 176 216 206 -15 175 328 143 -61 -117 241 
-14 224 339 201 -103 280 134 173 -58 219 328 113 -16 -48 241 -121 
-4 248 295 250 -2 118 -23 293 189 269 258 137 -86 -22 304 132 
200 -98 191 -45 -7 -13 133 -34 295 375 423 249 285 261 -84 -3 

-41 -70 271 287 240 288 321 228 -17 393 465 357 -57 227 265 221 
-67 296 405 429 565 408 -10 299 381 324 302 302 342 265 517 155 
262 231 182 450 355 312 199 338 214 417 315 334 326 -162 214 -3 
196 -103 369 277 366 -61 -24 312 268 291 363 -32 236 256 337 -54 
273 -87 336 282 261 297 293 248 195 -18 -104 -74 299 310 307 277 
-41 293 181 270 242 403 328 358 286 233 -173 160 337 366 -40 -14 
-45 387 219 -12 186 302 290 277 -30 242 -46 166 109 263 281 298 
296 413 434 268 206 358 258 274 355 -25 396 377 241 -14 220 253 
371 298 372 345 465 525 354 221 364 348 282 393 421 343 230 312 
-60 276 365 -44 383 371 200 281 328 254 406 372 352 429 296 296 
-40 -24 315 -4 -67 218 -49 -86 369 264 312 250 -65 346 178 -109 
342 265 286 -10 175 251 -24 275 374 -2 -52 349 367 321 -38 92 
314 263 389 -105 -7 163 -39 340 -6 -101 364 444 314 -135 199 239 
319 332 336 -14 342 315 -29 334 -71 229 301 -30 364 215 -89 295 
332 421 374 288 287 204 -26 215 241 294 209 283 -178 213 319 -60 
-20 332 84 -32 289 208 -29 275 233 370 292 167 -178 -27 -47 -60 

-92 307 178 -9 337 351 332 -72 -46 208 339 257 302 -16 330 -31 
224 -12 331 419 395 448 248 261 440 230 243 -70 442 176 375 257 
250 275 241 265 392 283 -19 317 284 191 -7 351 421 -21 -9 -27 
230 418 267 -26 367 399 -54 449 310 125 264 271 237 213 419 209 
-119 360 -5 275 355 399 346 -4 339 -72 -23 159 -69 155 233 294 
-21 349 -77 -10 344 236 283 323 280 431 -33 -69 252 245 -25 156 
317 468 297 -55 315 329 -25 220 229 316 370 -32 -153 -12 316 311 
405 280 345 322 298 382 304 149 401 -14 401 145 381 -77 217 216 
-1 -27 315 377 400 501 276 242 501 -5 -49 336 372 395 217 358 
-30 381 303 -30 249 -30 348 270 305 314 342 339 -1 223 428 -1 
320 285 389 289 -8 230 -227 205 380 402 281 237 283 -101 -6 -6 
-76 300 -3 278 315 -61 238 -51 280 -128 255 240 342 -19 -16 -12 
318 229 221 -18 217 239 -9 368 369 -83 -37 311 -26 -10 133 390 
-40 307 266 356 -228 416 197 156 332 -3 275 -19 -25 178 206 -5 
257 434 309 401 -45 348 -20 257 339 270 335 151 180 -97 498 -88 
-7 329 291 -25 -11 353 182 379 339 258 379 -37 190 277 -80 -88 

266 345 124 351 498 409 291 374 295 299 333 381 213 -9 212 149 
242 255 -52 363 453 334 273 286 347 395 230 260 -43 -69 356 268 
-21 387 337 -15 349 243 273 320 286 269 354 -16 279 -6 -16 -25 
-20 442 251 357 288 165 186 255 251 -107 492 -18 -7 -55 354 324 
-102 302 239 386 376 299 422 251 -35 270 362 -113 301 -83 337 278 
-150 245 411 227 288 288 218 -2 -141 289 -49 -55 333 469 -5 -14 
-69 329 232 333 384 325 373 243 -194 271 -57 -24 244 -21 266 220 
462 487 211 238 352 398 418 340 374 347 248 202 278 -68 109 315 
351 327 231 406 341 539 504 449 250 339 180 349 305 460 271 340 
-72 186 161 -19 153 204 337 343 447 367 387 193 295 365 164 193 
358 380 276 249 -1 189 395 -80 506 268 -15 274 -35 -26 -23 355 
-28 375 -34 -82 -21 214 269 -69 387 228 103 312 543 329 -131 313 
285 405 528 269 -3 141 -23 284 225 -61 304 -15 264 -22 279 407 
359 355 343 345 187 347 -31 -13 244 253 261 187 -27 -21 298 400 
-45 -17 173 396 315 -30 86 205 252 405 180 203 -64 322 278 -11 
-22 271 265 62 278 -76 -60 311 -8 -29 133 -47 -64 197 278 -11 

-54 202 -34 -153 258 313 228 -124 114 98 -21 143 -90 137 159 179 
-23 -106 287 -41 401 548 -2 -45 -25 -12 -156 168 -29 223 397 -91 
-16 -61 -52 -62 325 -21 -70 315 226 -180 -63 -18 252 234 184 177 
-36 350 -14 384 102 -30 -14 276 -140 -45 -16 395 -90 -41 322 159 
-8 293 -36 289 -33 229 -31 -39 -77 264 -92 -32 -36 -7 -25 320 
-19 -24 -19 -64 184 -28 -145 -51 319 -114 -102 -40 -180 330 -7 93 
230 191 212 -121 189 329 -65 -38 268 360 -121 -15 191 -15 -115 205 
180 171 272 227 120 391 -94 205 -2 162 -7 259 271 -85 -22 292 
258 -4 -123 451 -92 -13 289 -21 -31 -30 -60 332 420 349 -2 -43 
-1 -173 215 125 -97 -93 -51 -50 162 -141 386 -12 -60 -70 268 321 
-2 269 -23 -70 -1 -40 -55 -18 342 334 222 -111 237 98 -36 242 
-61 229 -5 -34 -93 252 148 250 -8 266 -5 221 -131 -26 264 365 
-7 -183 356 -67 -78 162 237 371 -14 233 247 -55 246 -58 188 -53 
151 -18 238 366 -15 -53 -35 161 -122 208 290 101 -36 -67 233 -70 
-48 304 -36 -5 -32 168 -11 169 -2 124 -17 -2 -35 -34 -90 -1 
152 -19 -12 -11 231 -30 -7 -1 202 238 311 239 -35 -63 -29 253 

-64 -63 -115 93 429 -2 -34 -23 -143 -58 443 -8 196 -53 168 -93 
-13 -41 -40 366 320 -21 168 -90 -37 217 -37 -38 -28 183 343 -7 
-64 175 182 223 -120 -39 380 239 -11 267 -26 -4 -27 -63 -62 -47 
-47 284 -98 189 -98 109 155 -8 -45 -35 313 -88 -49 -43 231 309 
-46 260 -5 -10 249 -17 -100 252 176 -29 -54 -39 139 305 -2 -44 
-10 208 171 -51 -62 -185 -6 -140 -109 -50 -7 -57 260 493 -104 -35 
280 329 144 -44 -32 199 417 340 267 -51 -5 178 -12 -31 213 -59 
439 251 -11 155 -98 331 -82 -17 91 -112 161 -7 -30 -4 -89 276 
-31 -10 234 -89 -22 -2 411 293 -76 271 258 -75 263 -14 -22 305 
-3 119 112 -45 -81 -103 -42 -25 -8 249 -30 -64 -20 -18 -2 -3 
345 -35 266 -54 -58 330 -80 -41 -8 200 -32 -22 339 -1 -5 -50 
-83 -22 -22 -56 -4 -6 94 217 -53 -36 -112 -13 341 -68 344 -47 
-20 267 -23 -64 -103 -9 -8 220 117 269 -19 -129 -100 -31 267 -71 
232 -26 -80 192 -19 -14 119 147 -55 -65 177 77 -68 -89 155 -5 
-2 -30 -53 -3 181 63 109 -61 318 364 131 -9 -1 393 335 -12 
113 335 214 175 -122 123 163 127 200 284 418 -9 -1 184 226 232 

183 -53 343 280 435 241 368 -17 205 445 287 334 -86 193 358 330 
-9 -126 272 419 559 385 321 -28 308 354 -108 265 295 349 433 272 
157 323 177 332 269 161 265 284 332 192 -30 252 333 -23 347 -23 
311 383 274 410 342 -46 -20 325 -17 441 288 262 327 238 -37 255 
277 164 438 321 300 334 272 339 241 374 179 247 -36 315 380 267 
-22 303 361 188 -42 358 306 160 294 374 -31 259 139 362 -45 156 
391 396 211 -66 -6 291 -69 163 422 138 223 -44 -33 192 234 -2 
207 -28 474 410 286 493 -207 227 458 366 344 337 262 -75 -26 -57 
301 356 473 332 377 570 495 290 425 375 211 428 459 377 -67 345 
270 -36 335 277 403 279 -138 -69 236 355 251 522 314 315 253 311 
-62 171 262 -20 356 -32 -70 -67 -32 379 289 289 322 236 223 180 
260 282 339 -21 230 402 -1 467 299 262 -19 438 371 -10 274 -54 
317 304 299 -101 -14 374 -36 301 244 -127 251 421 235 275 304 132 
213 305 434 322 -31 -27 260 201 309 -12 258 -38 -20 215 537 209 
372 481 298 388 -22 293 244 275 248 -45 285 272 -68 358 -64 152 
-8 257 -64 199 136 253 201 309 153 -45 285 -32 -68 347 -3 152 

-32 270 -15 292 237 -12 248 -12 -4 291 300 360 -32 242 256 -20 
264 180 156 374 546 403 -28 289 229 189 249 407 323 309 379 -47 
219 186 -31 179 276 -20 239 402 -89 276 235 305 283 249 181 -1 
290 -6 276 331 -35 -150 233 363 -109 247 298 399 -18 208 244 212 
-4 479 -8 233 291 -1 -51 -40 339 132 -124 271 -35 -18 -46 -55 
-42 378 205 214 401 -73 235 310 375 -18 -57 -46 352 295 229 -32 
285 387 -10 -17 546 337 -23 305 -18 202 -7 226 187 -58 -12 363 
227 384 337 -67 266 -9 216 344 -37 174 384 196 244 -34 198 170 
373 244 431 428 248 461 360 -86 427 -11 250 300 362 286 213 255 
239 -12 262 418 -47 282 327 111 424 223 450 -29 350 292 433 222 
257 287 -46 -39 -9 380 -95 163 318 -48 236 -32 182 201 329 -20 
269 259 -31 -73 -96 -34 294 175 -10 222 268 -54 309 -101 204 -45 
335 236 235 -3 345 -108 55 277 -37 -32 278 348 407 -30 180 207 
338 248 343 -45 189 460 -62 408 -16 -2 393 276 -11 231 294 -30 
297 452 -20 380 296 221 -77 227 -1 406 506 126 189 -2 337 -70 
-27 282 -83 314 259 385 354 296 -37 406 506 -16 142 -1 -13 -35 

-20 -25 -53 -21 287 -9 -116 134 -58 -85 -58 -17 -61 288 293 94 
-38 137 -47 369 164 -80 223 -83 -112 188 -51 -72 -47 -26 -15 -32 
129 -75 172 258 183 -114 -121 -1 -47 -68 172 169 114 125 -33 -33 
281 164 -6 291 -40 -3 247 139 -19 -10 195 126 -3 157 172 -76 
-19 -40 -143 -98 89 -4 275 -166 -32 213 -71 -14 -24 -10 -48 -99 
-50 -103 -54 96 242 -81 -12 143 244 104 -1 -11 -88 252 -14 -37 
201 123 -50 81 225 -15 -19 -56 -15 -113 176 210 184 -107 155 -43 
333 164 -63 -24 181 406 299 246 -21 -71 228 154 167 -39 -90 256 
274 -256 -26 -8 -97 -79 -35 -26 -13 -9 206 -19 137 385 232 -6 
-59 -30 -87 -116 -70 -4 -51 -25 -119 -19 184 129 -18 -14 -102 -113 
199 -185 169 -31 -172 338 -29 242 264 215 185 308 -109 -25 220 167 
223 -48 127 209 -161 -25 -176 189 -76 -138 153 -4 170 -29 218 -151 
-5 199 335 -71 -9 -57 -21 96 -8 321 180 -28 -116 -15 222 -12 
213 -14 -43 -48 -164 -119 -39 -21 -8 197 -70 -6 -59 210 -18 -9 
-95 -165 -63 -90 182 -44 -2 -7 -37 233 161 -44 107 -51 -47 -73 
-3 -45 -45 -14 -85 -182 -49 -23 191 135 161 79 107 -19 148 -180 

81 202 215 212 236 333 243 -33 233 -14 243 157 -87 213 227 -15 
-15 -1 -14 235 156 -37 146 -84 174 -58 -24 -44 -39 -86 -191 -38 
-33 267 -8 -28 -90 -89 -163 -25 -12 -22 -25 182 -39 -147 -126 -30 
-17 140 -110 247 170 -50 198 143 -144 -27 260 -21 -37 -27 134 169 
-100 -50 -20 -77 131 -2 214 -10 -67 -99 -1 -10 170 -67 30 -37 
-16 -19 133 -32 -46 -11 -47 -142 -61 -48 -14 -45 124 138 -58 -12 
210 121 -11 -26 250 -27 -11 -7 135 -1 269 -46 -9 -34 -58 -9 
-147 -72 105 -31 -49 -27 -36 220 -50 -22 -10 -85 203 -13 -17 187 
231 -138 -2 -148 181 245 194 -49 -44 137 -40 136 299 143 224 188 
-16 -104 -30 -10 -13 -115 -75 -4 -17 162 179 -59 -21 144 -110 -90 
257 -101 -62 -14 -1 -66 -32 -5 -51 225 -34 -14 -26 -73 -67 -26 
-3 204 99 86 -69 44 -32 359 -20 -2 -11 216 165 -9 139 137 
212 108 -22 -145 -152 -25 -13 -82 -22 153 -132 84 -27 -83 -25 163 
-159 -6 146 270 -50 -209 -29 -82 -15 125 -70 -37 -211 -36 216 -49 
-31 173 -45 -28 225 -12 -15 -53 165 -30 164 -4 -4 217 -7 -132 
-2 -48 -55 -38 -42 -17 -18 -71 165 -30 -2 -63 -4 -96 -7 -132 

-10 -14 -93 -55 215 -185 -134 195 -23 189 284 160 192 -18 -12 -69 
-70 -26 -31 81 345 -70 -36 -3 -53 217 -86 -18 -15 -219 -122 -81 
-47 -8 -2 -80 -14 152 -1 180 241 220 -39 148 144 -47 -18 -16 
-16 -53 -49 -73 -42 112 -69 228 -60 -76 -10 -15 -3 -54 -60 129 
81 207 -18 103 286 209 -7 257 -23 -67 -54 173 -47 -35 88 200 
-44 -50 163 178 -1 -3 271 -41 -37 -75 -36 -92 156 161 -42 129 
258 247 -26 -21 -38 262 -90 -28 -6 -3 129 162 -26 -54 -13 -124 
-38 -80 220 195 97 193 142 -10 -11 135 131 -103 -143 -83 -53 -99 
200 -79 -13 -1 -117 281 173 -38 209 -15 -16 -70 257 -51 165 -25 
-28 213 101 197 -6 -107 -13 -261 -7 -67 -21 -111 -18 200 195 -65 
246 -2 -5 -7 -30 167 -3 -61 -26 161 -70 -4 205 -51 48 -3 
-77 275 -47 -30 -101 -80 -13 252 -13 -76 -87 -102 -177 -121 -61 106 
-27 -71 125 174 -23 91 61 -66 -7 -96 80 224 -151 -12 -230 -7 
-28 143 -61 122 -53 -4 -20 -6 -2 -4 243 -27 -14 -100 271 202 
219 362 173 -53 201 -67 -23 -15 206 -54 -61 -51 199 -34 -41 -45 
-68 220 -83 136 -68 -39 -9 -14 -67 -17 -83 -51 199 -34 -41 -45 

-65 -45 157 -62 -31 -3 -12 -70 -113 -89 -3 -16 -5 -28 184 -41 
-35 -81 -19 -89 174 -29 -171 -47 -58 -75 -27 -3 -39 -25 135 -23 
-183 -32 181 -42 -62 -30 -9 -45 -12 155 -17 -24 -77 -194 -35 -25 
-55 -26 102 -13 -165 -116 -85 -97 -71 206 -16 -16 -60 -4 -19 69 
149 -95 -24 -85 -88 -2 -18 -1 -21 -106 201 197 -15 -37 -18 -55 
-19 -2 161 -68 -10 -37 -6 -4 -32 -32 -35 -40 -65 -80 -142 153 
-64 -171 -9 -21 -33 -50 -9 -61 -22 -8 -26 -12 -3 116 -33 -2 
-18 -22 -63 175 -48 -72 -5 -35 308 -12 -98 128 -13 -8 -8 -48 
-165 245 -41 141 160 -88 -61 -1 -92 -40 -14 -130 -63 -28 -7 -50 
-98 -4 -22 244 -53 -132 -20 -37 127 -40 -9 -2 -88 -62 -1 -218 
-27 -2 -61 -22 163 -19 -112 -181 -181 -186 150 -33 -14 -78 -3 -28 
-2 -7 -15 -74 -13 291 -58 -25 166 -230 -7 218 -82 85 -6 -39 
-78 -25 -69 -137 -59 -150 -12 97 -25 -10 -35 -40 -34 -31 -121 -1 
-195 133 263 -38 223 -9 -4 183 -93 -55 -5 194 -50 -97 -1 -62 
-26 -54 -128 -166 -30 -2 -55 170 -47 -6 -26 170 -24 -84 -62 -23 
-63 -98 -39 197 86 -154 117 -5 319 257 -71 171 -24 -107 -30 -27 

160 -19 -52 -144 -97 -32 -1 -51 163 -115 283 447 264 -62 -1 -88 
143 -62 -23 -14 -13 -32 110 -68 -8 244 174 -115 -248 -135 -31 122 
-16 -19 269 170 -76 -33 405 -6 242 -25 -85 -44 -8 277 -85 -16 
-21 -3 -133 -241 429 -39 -125 -32 -35 -77 -7 -52 -63 -49 281 -69 
288 -89 141 279 396 -66 202 403 -5 -92 241 -106 -59 -48 136 -59 
-78 362 -70 -20 -110 -9 338 -22 -10 -128 -22 157 238 -67 235 -37 
351 -7 -51 -76 278 -2 -5 239 276 -5 -48 208 -89 -67 -41 -62 
287 -109 -7 -68 -11 370 -105 -8 -116 -51 -7 -128 -68 -23 144 -71 
-160 -29 -54 -18 -15 -31 -91 236 -32 -232 -120 -67 -21 -18 -80 -32 
-30 -15 326 -50 -64 291 -123 -81 -41 333 -30 242 -38 -34 235 -50 
383 -21 -14 -10 -46 -44 -157 -46 -118 180 -239 -51 324 -23 -53 70 
-19 -19 -74 -11 -21 -67 -66 -19 -138 235 -37 -7 -142 181 -44 -57 
226 -62 -20 -50 -16 -23 -108 194 283 -32 -182 296 -123 -169 221 -102 
-36 -27 -59 -89 -152 -7 178 -82 -16 244 -147 -64 -6 208 414 -31 
-39 -15 -11 -63 -85 -156 -23 194 -26 -27 -107 -13 -9 308 -79 -71 
-38 355 325 -21 -85 239 -68 -84 -26 -27 -107 -13 -9 256 -79 -71 

-121 340 208 220 331 377 349 223 -25 261 221 351 213 201 222 277 
-39 -17 329 349 485 478 -4 297 186 218 270 380 349 335 435 314 
-17 256 233 252 432 308 -13 406 221 -3 290 273 276 -27 369 -44 
166 242 187 347 402 -9 198 369 198 -15 365 243 285 252 273 314 
264 333 135 332 -80 -31 332 -86 -6 260 -55 160 191 313 241 327 
-9 334 -13 207 250 403 -72 235 523 317 44 -10 91 306 272 -12 
206 278 252 168 291 216 150 -6 278 -92 174 -30 237 -69 -42 270 
262 387 410 -23 181 301 327 355 -32 333 270 327 403 -103 -9 189 
322 297 295 459 371 401 410 393 304 277 287 407 287 188 321 192 
-4 189 373 -85 163 432 353 -40 366 324 499 399 490 299 353 361 
249 175 209 230 -42 222 192 110 444 326 392 275 -78 250 247 234 
415 314 182 -3 -3 413 312 468 390 421 281 432 381 269 307 -41 
-14 239 365 -24 -17 267 216 399 236 -4 323 424 358 200 282 346 
236 353 365 285 242 -114 -38 188 284 115 364 259 272 316 346 152 
361 334 327 -21 -45 264 160 250 203 -1 308 290 296 -7 -22 275 
-1 395 -71 -25 413 -13 -51 118 -16 -1 308 -11 156 -103 -4 -90 

-4 89 -3 122 -7 163 -30 215 -78 -164 -25 173 -12 -74 275 -7 
-32 162 -25 -1 371 -7 216 -62 160 -31 243 -34 -84 -28 -113 -38 
-14 -5 318 -32 218 -56 -71 -70 -35 208 -114 -9 -9 193 -94 -31 
183 -13 167 -64 -40 181 -146 -98 -8 -86 -20 359 -63 -42 164 213 
-52 -24 -35 -78 165 200 -146 -143 219 -16 303 -14 -37 -46 -40 -44 
-7 -111 221 -28 -53 -7 263 53 -3 -66 -44 -44 239 -20 159 -53 
-80 -130 205 38 -52 -4 -106 173 -46 253 -38 -3 -164 293 -62 205 
-26 310 178 169 212 -13 229 -39 205 -13 256 -85 231 183 -32 142 
-40 -202 -76 160 -28 -82 -100 -11 -30 -45 240 -33 239 -69 -63 -54 
-9 -98 -84 -11 -102 -219 -29 87 -56 -15 189 -65 -101 -13 -17 -73 
-34 -126 126 -8 -12 214 278 -86 334 -31 -46 -30 206 -173 -33 -1 
-115 193 -130 -40 -16 -55 267 -48 -100 -78 -50 -100 194 81 -53 -7 
145 260 131 -17 150 185 -5 -46 -82 193 -2 -49 -123 -30 -30 207 
-60 -15 224 -51 -100 -74 -22 166 -3 -36 144 -29 -85 -46 -116 -6 
-2 184 121 -84 -5 134 -69 -195 217 301 192 68 -139 -43 308 187 
-29 -16 276 -135 -146 -21 -27 247 x x x x x x x x 

