883 738 642 765 607 464 711 644 552 538 730 565 370 
678 779 319 669 680 773 758 624 701 798 622 378 392 
561 550 620 902 680 863 736 995 931 904 707 1041 497 
510 622 562 532 883 721 697 805 982 614 841 823 650 
384 416 632 596 490 548 771 684 849 795 300 629 943 
351 625 888 1025 671 417 815 635 748 558 794 586 822 
849 460 591 596 847 539 418 748 834 711 465 917 811 
526 769 585 636 672 577 510 741 547 961 764 581 468 
760 701 573 751 1083 624 662 668 828 597 755 659 973 
459 575 399 608 680 583 777 572 523 792 761 623 556 
671 854 543 1089 735 731 892 1027 737 903 920 686 709 
786 504 710 566 796 421 508 754 859 945 669 487 427 
650 634 613 514 503 392 535 365 581 586 507 350 309 

857 776 688 1031 927 695 1163 893 1083 775 893 826 826 
1021 976 1053 1023 865 1171 1135 863 900 1102 978 678 690 
751 813 1093 839 1204 1264 1187 953 1135 1130 867 1201 1047 
884 1026 1235 1162 1347 1142 905 944 861 1006 992 881 707 
878 1081 934 882 733 1059 873 1070 831 939 1022 1004 1147 
840 1047 1251 1025 988 925 1002 1223 1133 969 761 1238 1091 
665 1008 842 1025 1136 1100 1057 831 1194 992 1152 1302 888 
799 1048 1113 1182 884 890 663 1071 1004 1086 1442 885 756 
678 889 1082 1055 921 671 992 756 1158 781 761 618 884 
992 799 1001 1160 1265 850 887 1068 1020 1104 913 920 965 
1067 795 744 1097 1169 978 1137 1000 1307 1244 897 816 917 
1141 1144 1148 909 605 793 1084 1134 1228 1457 1271 905 1107 
938 1034 992 584 743 703 854 695 756 950 976 566 485 

779 493 652 899 620 455 687 595 732 885 511 482 501 
741 573 805 771 674 527 598 462 864 759 685 355 763 
523 877 1024 852 906 717 886 1072 1104 736 340 479 774 
678 631 779 737 698 971 666 859 778 454 1044 711 589 
1094 493 543 473 622 1007 796 623 646 700 824 765 997 
601 724 903 585 808 996 540 640 773 714 519 1089 745 
647 749 800 588 718 619 842 980 689 1099 832 608 644 
522 748 1269 627 901 661 874 771 1196 512 820 889 663 
727 1120 1086 684 682 335 557 655 664 514 356 479 546 
494 716 710 919 784 489 524 636 764 747 693 637 379 
568 888 735 795 920 719 588 756 809 710 565 682 633 
638 924 482 774 529 946 899 576 1004 644 758 777 622 
492 555 808 457 1032 573 526 623 757 726 591 683 537 

409 434 227 518 526 317 461 565 555 585 652 588 309 
550 529 593 413 907 681 651 687 643 671 427 466 251 
617 775 387 870 361 760 597 577 524 483 517 328 798 
313 657 486 694 673 513 529 476 308 513 772 243 666 
333 319 632 335 511 608 512 520 337 586 159 544 551 
295 379 545 483 313 677 666 623 562 589 540 626 636 
348 535 289 349 813 246 419 678 467 394 463 578 713 
456 828 605 631 539 839 240 652 266 544 492 495 577 
420 385 327 364 514 475 416 277 495 340 150 593 482 
537 753 688 539 613 246 390 487 418 688 407 488 371 
863 609 498 737 630 329 582 436 782 717 554 586 735 
570 845 471 680 616 582 547 489 624 364 564 500 303 
297 355 361 654 502 124 208 515 110 275 567 337 387 

582 600 492 926 434 461 734 795 693 499 353 573 584 
552 705 738 619 836 782 494 504 810 737 916 487 492 
606 866 731 604 858 702 653 933 610 611 738 732 670 
671 675 591 800 683 557 897 844 552 467 424 672 491 
524 869 641 705 769 679 669 711 400 756 794 1210 449 
547 715 771 429 479 539 661 667 628 609 570 859 679 
406 722 593 558 552 710 733 757 586 1063 878 737 562 
588 647 627 612 574 618 616 512 521 816 920 464 671 
878 678 1003 478 566 473 619 792 1120 601 500 419 650 
714 789 666 556 680 514 448 665 675 379 504 528 568 
607 768 877 685 647 513 723 1260 656 805 767 593 611 
732 575 668 651 841 536 621 466 591 935 817 522 496 
873 419 831 424 935 438 724 378 560 818 448 391 637 

584 921 729 978 499 674 491 988 717 1095 1115 651 578 
984 999 810 856 1135 1221 976 734 960 854 923 796 795 
970 1032 1035 1027 885 1027 1361 1229 975 987 722 805 661 
825 976 1153 933 1106 1012 977 1026 1103 760 600 1046 873 
654 925 1198 457 874 1039 1041 1107 1147 969 758 1087 931 
835 1024 685 698 964 1400 1082 980 1217 1089 857 1044 855 
1008 873 810 823 935 805 1054 1109 890 985 1662 882 1127 
773 766 1216 823 651 1127 781 1295 1335 1120 1292 1130 1341 
1081 1082 1050 888 783 521 786 844 1004 1041 832 747 826 
933 833 845 1091 1155 913 778 1028 958 722 1162 737 815 
824 1347 1350 867 933 1038 1353 932 955 880 1044 599 1138 
951 898 1031 1072 676 700 830 1079 1107 1284 991 1008 780 
1036 933 759 924 789 652 916 633 816 1111 972 761 1003 

306 513 606 454 688 521 484 738 571 470 573 653 234 
671 484 734 769 972 621 493 669 942 611 643 553 614 
491 570 681 819 939 727 1267 674 597 661 632 695 658 
315 679 510 781 778 648 601 543 461 442 503 728 811 
403 607 779 674 610 491 783 508 374 774 555 955 723 
509 387 525 370 254 601 488 600 493 896 776 493 721 
117 882 411 736 342 643 507 393 792 749 887 976 312 
420 361 617 661 701 890 799 586 650 1043 880 842 550 
293 560 610 554 591 587 445 677 614 695 410 672 436 
547 683 552 714 661 636 635 779 841 568 613 509 619 
490 705 683 789 574 875 895 663 696 900 923 732 373 
391 614 757 803 536 622 538 638 410 706 561 489 499 
556 518 289 541 413 817 414 507 961 619 687 345 530 

447 728 396 485 129 588 364 632 548 700 380 382 216 
486 501 336 695 552 632 656 525 846 467 890 592 610 
566 542 530 439 581 740 581 376 443 741 363 711 411 
477 770 515 491 590 707 622 854 848 756 399 518 592 
493 814 488 399 529 518 834 567 572 448 781 565 642 
686 678 481 800 781 320 677 490 705 657 399 873 707 
243 774 377 770 670 513 529 604 669 843 681 896 714 
411 556 939 614 412 844 470 498 530 563 600 686 487 
563 615 615 865 641 397 657 517 807 563 388 481 738 
445 523 474 321 818 775 682 812 359 584 421 435 624 
487 320 748 702 487 1055 837 596 635 743 887 410 810 
756 551 638 712 469 583 667 468 493 668 680 415 581 
338 603 578 889 443 572 581 448 1085 809 190 641 701 

829 566 1087 771 378 194 252 610 862 478 536 768 583 
441 827 560 651 559 949 940 694 479 761 943 802 602 
860 887 487 919 840 881 1000 624 858 713 355 851 513 
769 847 771 673 835 735 976 665 458 900 904 454 940 
723 739 771 545 568 502 1063 976 856 857 563 603 948 
418 434 1084 694 826 503 765 518 965 671 646 812 802 
429 684 606 592 831 714 580 516 770 601 708 564 812 
617 814 934 514 1083 765 490 681 518 1033 816 768 631 
639 888 515 906 600 737 1083 891 871 602 492 939 610 
341 514 764 441 919 662 550 828 531 505 854 347 643 
405 517 695 871 534 559 1163 931 742 861 792 430 478 
1184 997 477 668 616 446 1036 819 797 857 1168 871 740 
497 530 504 987 566 255 377 356 455 764 893 457 384 

573 469 621 949 251 1015 606 667 536 417 778 650 323 
743 612 467 1132 601 1045 428 637 605 671 757 1078 525 
933 730 679 1057 815 806 548 392 786 711 412 459 499 
754 769 575 844 831 521 636 616 873 478 606 642 490 
570 752 662 554 694 587 830 486 605 700 652 1058 758 
492 605 594 441 493 595 602 735 648 824 691 1015 679 
486 729 1121 339 795 492 624 641 738 375 796 965 473 
471 725 623 758 483 473 647 695 482 859 931 719 442 
597 660 779 671 549 515 477 558 388 471 356 654 354 
318 696 565 487 773 833 562 614 423 590 618 470 683 
413 481 675 736 753 562 644 936 699 513 643 741 599 
544 901 637 829 356 762 808 754 463 1095 832 556 311 
487 396 674 435 646 887 724 296 516 710 717 340 561 

777 868 726 1247 950 595 586 858 693 836 488 816 717 
809 696 485 1010 795 1087 1089 619 667 945 499 1021 902 
838 774 845 736 786 1248 891 1030 568 879 762 1014 657 
720 800 757 779 849 943 725 828 738 661 833 832 721 
1033 597 631 952 565 750 685 1230 709 618 871 805 1127 
762 561 1258 661 583 978 885 442 1258 767 464 1015 940 
811 842 1000 423 501 993 583 987 848 1226 972 825 800 
478 466 935 971 964 878 518 928 620 978 1157 957 529 
646 717 1007 949 614 744 513 687 821 671 687 814 717 
981 595 815 612 856 879 588 728 696 1211 599 633 908 
535 1103 736 819 1015 377 849 880 1001 853 757 614 825 
875 1033 763 886 757 551 611 911 1144 992 1059 567 676 
976 504 901 529 633 789 678 620 734 951 694 585 642 

701 906 1027 718 663 496 462 1003 431 730 797 675 421 
740 401 424 1220 854 853 580 718 791 1218 597 1057 775 
699 787 554 666 956 1026 955 657 930 841 831 841 535 
749 949 778 997 1013 974 900 705 853 840 763 949 790 
1002 958 860 790 805 1006 991 842 988 701 699 927 683 
631 529 989 658 847 875 940 910 982 782 617 819 801 
911 674 673 984 1224 635 662 735 885 1046 891 969 845 
568 446 712 808 735 1021 566 851 986 762 848 847 699 
605 900 674 729 667 570 887 948 987 693 1264 914 714 
538 715 573 854 794 503 909 789 963 702 585 993 911 
529 847 686 833 721 703 1020 816 902 1023 1076 438 487 
665 729 726 821 472 730 712 653 1049 968 981 405 406 
762 899 804 666 669 394 753 480 1009 756 707 775 628 

1157 802 901 790 546 727 580 791 1105 790 716 405 1018 
696 647 892 994 964 841 1107 587 777 850 866 901 921 
853 885 1009 891 779 1023 927 1039 961 780 607 913 702 
568 830 766 632 1235 801 882 793 1150 769 887 738 1397 
959 688 867 1297 623 825 1154 781 803 959 822 882 868 
687 972 989 823 861 490 803 671 1251 821 702 1063 1525 
621 908 730 738 744 888 523 714 951 1122 1123 1032 1020 
712 755 844 785 919 969 965 788 902 1139 958 1030 867 
565 918 1037 901 682 767 601 950 1004 848 822 690 608 
490 995 925 524 817 1041 920 496 822 1055 829 859 906 
957 929 1213 829 944 982 930 987 1321 1370 1041 639 931 
510 1096 749 615 894 816 777 631 1092 854 997 564 816 
582 697 782 897 716 714 683 340 1098 949 838 512 909 

595 821 456 624 947 126 845 687 601 542 798 561 338 
663 641 765 624 580 694 716 460 928 682 1051 796 352 
597 635 797 1114 752 727 675 830 768 666 445 563 600 
648 725 457 692 507 774 672 410 781 556 546 267 863 
517 547 410 574 609 872 874 671 629 651 381 839 692 
346 541 1005 789 698 560 1140 647 744 812 347 896 849 
592 889 329 1033 1041 809 743 859 420 710 1149 715 681 
544 574 712 926 673 568 592 640 800 576 676 890 525 
528 715 555 752 583 552 508 451 698 474 582 754 428 
362 585 881 684 779 754 427 739 618 619 667 808 512 
558 741 960 481 808 701 810 844 1030 943 702 313 460 
456 526 435 464 636 601 803 456 1034 733 895 581 523 
261 772 474 834 754 458 202 580 568 514 750 576 510 

988 640 957 1006 350 767 620 590 835 700 1172 792 437 
742 878 831 941 833 888 858 644 899 746 579 599 489 
1006 643 708 1042 1088 996 1072 742 795 783 666 1092 708 
761 723 687 811 898 762 1080 1039 683 1128 608 1198 604 
955 896 725 708 654 658 924 875 668 789 758 898 1289 
643 1302 612 864 750 786 941 1066 1082 741 764 1095 781 
540 726 852 919 564 967 672 497 1199 860 744 1172 651 
595 1327 1070 729 487 792 741 824 959 1020 935 733 715 
807 885 897 858 774 1053 762 746 882 833 652 626 832 
811 590 908 990 1119 630 844 954 890 817 794 662 658 
941 974 711 948 905 1020 845 1027 784 1042 547 670 888 
773 689 994 855 740 754 1286 1247 992 951 710 633 654 
959 607 688 714 380 820 515 432 568 1103 884 540 472 

925 662 701 629 642 937 865 1014 871 991 1167 644 670 
970 485 760 655 619 1014 931 739 620 455 904 983 551 
795 1005 599 932 1156 1116 1023 898 879 728 736 1064 734 
899 816 935 840 694 965 1211 1156 1196 757 1095 697 772 
855 960 768 666 771 844 869 679 752 913 870 830 1035 
681 997 994 975 653 638 1212 740 887 1076 675 1120 474 
808 872 812 646 817 993 711 968 863 1013 828 1016 556 
546 959 715 700 853 514 784 542 816 1138 893 778 498 
808 889 1039 1082 631 856 738 815 822 945 699 962 687 
371 924 920 624 748 1117 838 1131 686 669 738 972 512 
715 457 845 728 859 672 813 867 1148 975 786 848 881 
860 687 1018 364 629 836 1034 640 862 1071 1153 865 1066 
695 758 343 622 539 568 421 554 540 1080 1106 663 643 

379 766 855 787 586 666 404 588 425 307 820 425 351 
604 716 771 688 807 587 982 516 861 531 1192 714 377 
522 837 618 592 704 777 598 561 715 916 678 546 736 
491 751 679 937 780 614 826 713 417 590 918 398 1000 
664 570 824 588 469 589 637 392 576 800 537 799 833 
520 851 631 584 726 610 564 365 618 627 688 685 738 
427 775 301 527 482 787 929 704 841 737 1084 791 641 
439 703 568 647 651 710 708 374 709 960 566 592 392 
389 624 843 469 839 638 463 484 881 622 277 600 561 
475 814 838 1052 748 453 400 513 702 548 801 594 358 
728 668 754 829 718 739 506 684 657 755 827 717 920 
817 1029 743 1014 457 772 703 873 781 824 460 496 493 
417 493 709 478 830 255 619 344 648 386 493 597 671 

868 1136 1024 1570 1014 712 664 886 1220 1019 1013 1209 746 
1255 1124 741 1332 1169 1292 1151 863 1107 1476 1728 998 1041 
1337 1072 1013 1501 1468 1201 1531 997 1117 871 1122 703 948 
1094 1093 1286 1383 1209 1192 1226 903 1023 1027 896 1089 1067 
1050 940 835 1174 965 911 1372 969 1107 1316 1073 1486 1224 
794 1134 1215 962 1168 1101 1235 972 1217 1290 996 1212 1472 
583 1163 1067 932 1273 951 1097 1170 1079 1158 1278 1563 1196 
659 1011 1115 1264 1111 1146 820 1004 1496 1255 1258 1291 878 
1084 953 1527 1106 1120 806 891 820 1142 569 969 869 986 
900 1120 945 931 1184 1158 870 1064 1145 876 1003 629 1033 
865 985 1009 1362 1215 1002 1376 1149 1276 1226 951 905 953 
1217 1347 886 1103 1137 1378 1017 1031 1241 1204 1161 1112 931 
893 972 895 1025 724 906 685 786 1154 1211 998 928 801 

661 407 506 676 890 449 687 582 713 547 510 574 841 
969 434 747 867 1020 776 343 867 764 620 772 479 536 
562 740 988 740 681 516 737 645 832 542 692 565 682 
559 546 875 735 714 770 854 704 621 620 702 729 622 
524 1127 805 897 877 846 730 573 555 977 263 1055 597 
572 634 786 480 766 376 522 616 916 366 934 851 648 
803 705 700 461 891 935 584 928 816 1150 971 605 564 
279 605 775 516 713 743 713 518 887 478 864 721 455 
830 821 803 553 509 330 508 667 815 516 716 665 423 
549 668 777 979 741 583 573 790 902 693 558 660 439 
680 745 879 973 961 637 834 873 757 813 751 579 386 
608 714 713 781 688 640 445 482 819 792 495 524 752 
582 708 377 824 557 381 658 791 516 874 762 425 930 

639 1074 1013 1159 873 789 1041 801 851 832 980 1014 533 
1215 980 976 1022 1238 1138 998 880 1311 1058 968 1229 1005 
873 1058 976 1217 1444 1147 1326 1141 1049 1031 697 912 814 
996 908 1070 1077 1289 1172 1134 1249 1277 735 711 1086 987 
857 868 1276 1149 1119 1236 1356 885 1054 1077 1027 1242 1496 
965 918 1300 1366 1178 726 683 1080 1215 903 972 1043 1583 
758 1174 1062 835 1108 680 1153 795 1219 1458 1438 1131 1328 
757 1006 1203 929 1083 886 863 1183 1178 1223 1161 1120 644 
519 869 877 1021 1181 753 886 954 835 869 913 772 874 
667 1080 1033 1093 1116 1060 1213 707 1135 1168 844 738 909 
879 1082 713 1166 1000 829 1119 1038 1345 1374 1304 915 932 
734 1133 835 1110 942 969 1191 993 1433 1132 1174 1014 1318 
832 1015 947 951 661 863 680 686 982 933 990 638 729 

811 761 1138 807 807 720 647 762 869 741 722 669 591 
1062 733 596 896 611 668 702 479 889 986 893 773 560 
1053 688 757 690 943 1109 1169 826 966 712 518 581 1102 
984 857 783 1019 881 1162 928 701 1028 991 834 838 643 
778 1053 856 861 564 953 1071 722 874 958 663 1097 1046 
563 885 867 886 617 926 866 720 832 813 530 821 839 
887 840 1139 784 950 773 876 973 1119 1018 1062 881 767 
554 659 735 632 924 797 717 718 948 782 828 876 688 
861 817 989 905 764 699 502 758 690 471 981 594 531 
752 1064 667 705 1028 578 809 731 935 767 818 876 585 
779 686 738 1099 724 597 931 875 911 1114 975 964 635 
711 888 648 811 719 907 859 673 917 960 1103 653 888 
570 509 667 739 748 624 673 511 747 785 791 632 689 

578 548 464 1029 721 489 643 601 675 573 1013 559 214 
783 752 796 723 737 641 763 767 530 967 718 490 753 
561 647 633 750 887 982 840 708 709 733 637 951 637 
774 905 717 815 761 694 728 751 959 967 898 789 646 
768 852 639 635 458 763 747 788 810 914 552 723 1265 
463 817 821 531 808 744 836 1046 765 902 774 1041 899 
432 888 578 715 758 671 710 852 731 811 1007 982 662 
692 936 864 650 527 586 845 778 784 932 994 878 744 
479 912 1039 982 660 681 797 593 863 730 672 748 582 
434 690 1026 616 785 660 498 963 636 611 819 570 555 
834 642 551 1171 890 817 656 1258 845 1029 858 816 685 
656 705 644 898 659 502 597 910 694 1046 866 704 560 
672 452 418 599 844 854 687 735 692 562 990 455 619 

450 538 283 618 504 534 602 545 723 628 494 523 283 
667 788 456 364 449 598 367 438 631 186 432 416 575 
529 678 797 667 756 650 730 676 707 555 727 549 403 
756 552 469 205 386 377 779 366 517 547 399 581 341 
603 493 218 418 713 288 283 338 498 690 392 520 804 
380 791 632 518 268 603 718 760 312 444 645 521 507 
294 277 211 499 607 475 623 671 266 465 393 443 435 
393 444 610 474 521 562 324 564 659 349 415 316 523 
493 225 234 716 582 386 219 605 487 318 259 491 227 
100 110 613 382 579 398 346 484 571 455 397 154 551 
498 506 420 405 388 522 568 282 610 315 411 365 408 
285 536 337 618 408 475 785 196 352 762 396 613 224 
563 148 442 253 391 368 403 313 573 663 185 485 365 

444 814 446 930 325 677 690 678 484 916 611 709 539 
673 669 761 625 691 914 695 805 639 772 614 796 549 
857 851 550 813 648 841 557 768 658 578 757 829 474 
617 670 682 603 1053 795 793 769 775 599 790 611 714 
423 877 798 471 960 717 811 745 628 545 867 654 1000 
537 579 779 719 790 511 995 855 679 986 721 774 604 
477 632 606 613 907 839 695 953 957 916 669 749 618 
716 652 578 468 510 662 463 462 657 1297 597 728 634 
466 893 620 768 634 860 562 562 737 845 249 641 625 
579 548 565 317 696 966 686 893 601 655 586 467 567 
541 687 643 765 563 696 776 745 875 641 552 492 745 
815 712 693 583 698 430 754 648 625 921 1050 609 575 
481 797 510 633 336 513 734 355 521 856 676 690 412 

410 601 695 534 679 631 823 756 586 390 818 570 526 
785 417 898 792 539 653 795 621 466 737 600 615 629 
565 685 649 866 885 798 731 666 941 729 837 728 649 
726 966 664 436 716 816 926 847 933 703 839 1020 247 
690 757 793 834 484 701 803 531 479 817 439 995 804 
218 760 720 794 700 625 530 634 635 716 1004 633 573 
633 756 835 574 602 445 615 746 913 817 833 935 551 
510 597 708 1058 646 486 734 516 846 998 837 449 448 
434 819 829 969 765 716 591 653 550 639 711 627 348 
460 520 645 471 676 774 614 831 532 556 473 870 401 
537 564 520 963 790 1024 618 600 774 983 585 510 480 
567 566 574 742 401 702 593 829 522 858 945 581 744 
599 644 550 642 496 396 675 359 621 721 735 488 486 

775 665 761 922 524 605 923 538 632 513 420 588 530 
763 509 653 618 698 1162 544 638 1100 808 713 661 512 
469 871 599 931 882 975 679 763 381 661 566 884 320 
641 531 649 737 601 907 574 861 746 489 866 751 404 
798 618 591 780 552 435 544 705 801 539 685 860 663 
750 687 850 550 596 561 734 686 861 617 683 1015 658 
444 636 1068 698 838 794 843 991 720 570 1008 778 749 
681 443 532 852 829 723 574 676 685 629 647 561 774 
280 782 946 752 672 522 564 483 805 763 686 817 809 
587 1089 330 890 781 675 396 788 960 480 960 695 459 
677 770 843 879 1109 522 1425 711 576 819 488 680 525 
797 1017 686 720 273 661 852 881 736 1039 498 565 328 
901 721 447 612 401 344 582 478 489 861 413 459 451 

316 405 607 557 454 350 580 593 397 628 533 409 619 
391 559 306 433 399 833 691 547 619 692 481 544 864 
890 519 588 581 486 685 848 909 384 365 302 322 297 
540 345 504 227 667 443 630 298 321 536 506 349 767 
310 531 614 518 265 490 710 532 533 421 477 624 808 
121 633 624 617 655 247 704 478 611 700 313 405 558 
202 537 633 511 527 500 272 317 784 488 590 495 590 
540 751 786 898 433 586 766 854 853 692 343 431 327 
114 532 623 405 359 591 498 422 550 413 407 348 128 
666 355 542 468 422 404 740 651 438 799 368 596 334 
608 737 580 594 336 610 620 464 487 444 426 321 554 
524 471 726 618 591 292 469 362 789 443 566 385 976 
417 557 373 478 273 384 477 461 254 515 535 362 468 

985 961 755 817 641 804 661 798 864 751 772 831 693 
839 866 682 938 850 916 620 534 857 896 1344 887 691 
629 942 897 813 883 1065 747 902 1077 805 806 1110 888 
943 1010 1220 920 1043 829 910 1272 1054 836 967 752 1070 
758 977 856 764 1078 516 1091 1006 914 1082 1197 1229 1145 
505 948 923 812 777 868 627 879 1029 901 792 1314 979 
546 976 979 569 717 993 1169 1000 945 1070 988 1086 946 
534 905 1148 655 760 1034 987 751 846 1027 1393 788 762 
789 1022 1085 622 854 690 886 838 910 913 755 554 667 
909 838 859 857 1096 759 569 1028 1018 825 847 649 750 
646 818 723 1135 749 1093 820 845 768 827 1145 781 899 
669 1053 716 796 993 1162 1106 1158 1141 939 892 759 899 
833 584 809 735 675 530 723 417 765 977 701 849 360 

424 540 916 877 469 430 826 509 623 609 546 409 678 
976 742 846 380 599 854 766 476 500 687 591 779 489 
735 563 832 800 687 948 677 657 955 876 448 829 677 
549 804 845 890 678 924 826 1236 647 874 625 547 540 
648 691 698 1020 669 783 667 690 679 338 710 973 603 
613 517 733 337 591 1128 487 871 658 790 704 731 924 
330 464 489 729 615 568 579 853 494 852 675 620 711 
777 728 662 583 705 624 522 923 540 814 1254 813 731 
416 721 571 867 586 527 505 740 640 515 447 646 671 
561 892 438 458 981 716 490 630 653 788 575 516 394 
651 693 675 829 795 409 524 779 640 904 820 820 606 
1057 1096 514 519 645 603 922 553 1280 1119 838 771 535 
1051 761 588 860 415 561 474 520 505 641 677 535 412 

586 709 636 662 466 604 590 890 499 830 852 1065 504 
823 817 774 636 1199 969 826 749 907 688 746 974 911 
470 633 580 843 1126 969 633 715 910 763 883 1101 893 
923 715 808 884 765 606 964 859 583 739 1048 669 727 
659 753 1035 888 870 460 749 1005 651 678 674 804 831 
702 752 810 808 805 832 864 1001 925 902 617 969 725 
650 835 740 845 761 561 610 865 754 941 822 1056 985 
809 782 698 704 815 758 970 798 672 1071 1221 761 734 
578 660 819 607 724 744 865 681 751 959 624 673 834 
820 834 949 959 767 926 711 711 729 570 745 739 745 
715 552 453 900 907 853 979 1081 1207 994 903 628 913 
772 970 541 616 638 730 802 728 1023 1190 1044 725 568 
719 848 546 854 369 549 637 609 457 807 800 687 849 

1029 873 594 910 706 841 510 1049 724 1148 1182 718 527 
881 789 1078 963 736 917 1017 539 724 608 818 1036 688 
600 868 824 1078 944 1109 1141 1043 1218 896 825 963 743 
861 1106 716 785 952 978 801 724 1091 981 991 801 1101 
860 939 667 753 936 786 911 1064 650 572 829 896 1046 
614 788 725 783 1091 865 998 875 677 1259 609 960 964 
541 622 1067 814 1034 830 753 900 701 988 907 1089 640 
463 673 822 939 896 790 449 750 861 951 1186 1124 776 
519 1278 962 704 897 506 619 695 762 904 879 705 787 
575 938 938 800 928 847 531 778 710 838 965 683 656 
634 850 619 1057 1109 806 841 1135 1411 801 1125 862 905 
598 1073 884 1044 773 540 726 747 970 1097 1031 907 724 
645 930 666 951 735 569 536 516 785 903 839 810 635 

1089 949 768 1168 661 744 660 604 820 646 760 526 445 
637 965 786 980 650 833 692 541 700 769 815 980 838 
1001 908 1007 721 929 787 709 775 698 853 853 811 558 
601 889 870 656 924 793 831 781 743 764 1024 428 771 
506 697 781 859 472 622 700 833 590 812 735 751 657 
384 872 758 595 769 670 646 886 1087 835 544 930 1008 
717 622 909 774 873 813 675 1104 730 1078 993 789 912 
718 762 1038 831 1086 749 735 601 1009 704 689 1241 1130 
493 884 1008 797 722 656 929 982 867 676 722 678 455 
595 423 654 658 1135 751 790 865 679 872 471 1082 877 
719 808 916 997 1079 836 882 935 980 999 980 468 611 
387 763 589 893 703 422 931 995 974 1023 875 658 884 
545 844 400 808 878 757 786 440 665 1018 795 682 489 

