331 742 557 454 743 390 1134 978 947 641 436 388 1238 
520 632 528 -99 392 752 1166 632 288 909 691 616 1041 
326 1129 698 1046 1044 725 635 616 1080 922 1091 1103 1491 
677 962 557 964 634 575 873 964 -98 1438 782 407 1111 
275 808 964 807 577 763 261 456 855 1025 1216 1125 801 
816 257 1127 542 605 1066 642 344 367 724 940 964 -16 
979 578 1431 665 955 147 303 175 652 989 467 514 1106 
1061 781 926 882 364 679 1246 515 463 733 1028 640 1172 
1375 701 974 608 124 1469 696 964 868 884 1083 584 726 
641 724 908 329 310 724 406 717 770 534 716 1038 472 
127 719 1265 535 711 1316 885 967 727 340 766 319 799 
607 477 838 779 760 689 1125 1046 989 595 430 657 514 
1314 509 263 1122 696 576 546 59 1003 1057 788 467 795 

839 1511 1412 759 982 1007 1458 1122 320 633 791 441 1172 
718 1335 877 1143 998 1019 1216 1282 1226 836 1245 857 1079 
610 930 778 566 1369 867 652 664 1681 1405 734 991 645 
606 593 445 509 709 1036 1196 1155 824 672 1077 1118 1334 
1097 1121 1143 830 1471 626 1109 1135 958 1073 723 714 710 
933 508 852 1390 1356 244 1250 657 1119 724 863 754 636 
948 890 1147 860 739 654 839 991 872 1139 930 857 803 
794 902 925 499 1543 841 997 747 818 1134 1294 947 361 
936 497 1219 1425 1381 968 929 1056 785 914 888 876 1203 
1480 822 831 324 1237 1100 431 887 1019 613 573 1061 748 
1702 887 1059 897 1074 1051 628 695 477 871 1233 1016 469 
725 830 975 1442 1490 1000 1023 616 1449 1162 1040 895 1244 
1140 1070 1372 868 1077 1311 843 1142 1021 591 927 982 1191 

850 816 449 484 1079 1194 1141 1627 643 1054 580 859 377 
1308 924 1040 918 1024 917 704 1384 1085 1429 1680 949 1164 
824 1369 1432 1187 865 1137 2095 722 801 852 1129 731 604 
1453 681 586 1314 180 866 1575 1072 1031 681 827 1143 839 
603 988 1018 1124 832 916 1175 1009 1132 893 1022 700 375 
315 541 619 909 1317 1335 999 1038 1036 882 1715 1202 246 
1011 1638 869 1102 698 152 1584 585 830 843 841 491 1264 
1038 1311 1243 1399 1031 1169 989 1226 464 1018 1258 1278 1168 
643 1471 1188 1008 704 878 572 881 623 850 1404 1086 1028 
1333 782 1131 283 1053 1231 696 1413 556 1113 1171 1455 361 
812 951 561 988 1136 1153 874 1003 577 752 1181 649 1126 
1104 870 635 835 1199 843 587 547 1286 468 1000 443 711 
548 864 522 1031 400 1160 702 1094 950 455 1548 1060 1177 

1176 1516 1289 1375 1464 1407 902 1217 1145 992 1125 952 1611 
1047 1482 1253 993 1677 1313 834 1085 798 1507 598 1205 1058 
886 1112 918 1183 1040 608 570 1911 1376 843 416 1385 893 
1210 483 1874 791 716 1118 736 918 1164 1695 829 1168 1009 
1221 856 826 2085 1275 1006 1662 1177 1213 583 1103 1091 1547 
795 1017 1390 1203 1155 1018 1200 960 1171 802 854 917 1326 
850 502 1301 763 825 789 1308 1109 1082 838 950 1031 1139 
1059 1246 1202 1005 840 858 722 1315 1057 986 1116 837 1099 
1052 1327 1405 1423 489 1048 950 944 1289 902 1154 1390 1211 
1372 1243 1216 1513 1212 1133 237 1264 1352 919 613 1196 1242 
1430 1508 1620 1121 1306 992 686 1219 575 1264 1707 1041 1262 
1194 1650 909 1421 1301 997 2098 553 1639 881 1193 1288 1172 
787 1204 972 865 913 1240 937 1808 1051 1413 850 843 783 

1216 702 458 702 778 637 943 949 553 1029 604 133 728 
1106 870 454 883 1451 723 719 771 857 1411 722 1169 514 
1014 815 490 464 962 667 911 770 501 672 1044 970 940 
1144 1483 838 580 384 1110 892 258 727 624 860 1046 634 
1143 1555 999 713 1289 93 494 804 664 659 525 849 1225 
298 1083 1165 666 975 556 978 968 738 813 1055 721 124 
1294 652 481 749 805 905 1179 1243 728 484 1115 992 992 
478 832 1017 884 842 1054 1072 861 687 1072 643 888 721 
504 777 265 1194 668 1215 1121 966 355 1171 765 1218 724 
1063 932 467 203 756 645 641 1026 528 687 573 850 684 
1334 473 714 1010 364 970 472 540 564 524 1480 1134 334 
893 1068 560 1165 599 732 915 358 907 937 605 955 294 
610 846 680 768 940 753 679 424 834 268 1056 462 1096 

1056 1023 997 820 1004 961 1318 1117 748 1010 1022 1139 1081 
613 1117 1268 1202 870 916 805 941 1466 1879 1308 1172 1342 
955 653 1282 1577 1463 1073 1422 937 1170 1070 855 944 1597 
1048 141 849 347 877 1591 1172 1244 521 1000 1184 1540 1426 
903 708 580 983 1364 1184 851 1481 1007 988 516 1111 1061 
582 555 1451 1147 1129 1035 1296 935 979 955 1155 1075 984 
1364 732 1146 1222 1053 1005 1346 435 1352 485 1488 1002 1587 
813 1285 1696 891 1268 1469 1150 1179 1335 1105 1026 937 775 
1071 1534 1143 843 1105 374 663 985 1048 1242 1039 994 1169 
1429 1130 1131 525 1229 914 585 900 1062 718 970 469 922 
1404 683 959 962 1244 1302 1013 865 937 1279 905 1234 1296 
1139 570 951 1373 999 1199 708 638 1063 546 842 780 1713 
732 263 1168 143 732 928 1300 692 2001 911 818 1381 815 

942 1429 600 869 469 936 1097 970 573 769 819 1120 1212 
618 550 1176 1440 1151 1022 1103 1348 579 895 557 370 560 
758 596 1024 1186 1263 1098 879 1108 854 954 1071 1242 1101 
1813 1103 1147 915 490 1198 1377 888 1342 1606 798 704 1132 
780 1126 538 1305 494 1124 931 778 1246 1058 908 695 951 
1105 1223 1577 1330 470 664 1589 1292 996 858 1365 795 715 
1073 1194 1174 472 1042 1422 1160 1232 1194 1384 562 1073 770 
698 1005 1640 802 617 1443 524 1167 735 754 1121 1166 749 
1453 1533 1120 1420 1237 1168 818 1047 975 940 830 805 169 
492 809 974 965 593 1012 1198 1044 427 1100 396 1031 1362 
1521 915 1273 739 1229 846 1013 894 663 1029 1454 466 1509 
483 454 957 921 874 1165 1514 1055 986 377 1524 1266 535 
168 896 1046 531 1416 1600 585 546 723 1013 624 626 1681 

806 1091 563 1206 1142 1392 992 686 1022 477 1288 1037 1283 
649 978 709 921 864 951 945 832 600 1202 761 29 771 
1113 273 1525 841 930 1019 563 497 875 672 468 524 1499 
720 967 1644 1228 718 611 766 1028 582 921 925 1001 1152 
916 1638 897 489 1468 844 659 1108 1246 542 1237 917 977 
1144 1057 722 861 1084 461 943 918 702 1075 230 781 1077 
836 697 1582 757 652 1019 1016 654 801 1266 918 507 747 
358 1141 1285 422 973 392 370 827 403 1111 698 1425 577 
114 768 1034 1114 1126 768 1194 948 898 1317 1064 1160 902 
880 890 672 1324 1172 957 862 257 1026 676 1198 704 977 
714 1477 621 535 1128 568 922 669 178 1218 951 764 873 
782 510 919 664 675 1127 1050 1138 408 968 1223 320 687 
907 500 1727 303 1016 1478 979 1438 843 938 646 719 1427 

1091 1156 838 937 1460 898 1680 797 977 627 619 770 467 
431 681 1091 932 612 1209 1059 1021 605 1643 608 1252 1191 
1361 1265 748 988 1552 478 500 592 1068 714 971 421 784 
1480 899 630 734 901 1055 1518 837 682 1444 754 963 1441 
1056 1057 989 978 1163 1145 967 609 760 1189 710 1195 594 
343 605 961 1266 1472 436 1535 1105 1128 1177 978 1210 736 
1002 954 1469 1137 999 638 841 1197 1196 805 1207 913 920 
687 1276 1081 1311 960 1146 1035 951 1198 1480 777 1063 1331 
1410 1206 855 1237 590 1036 1050 762 751 982 492 218 888 
1622 1098 1135 710 672 782 1369 706 788 972 525 823 434 
1362 937 858 925 992 1013 1225 1550 745 1071 1451 975 1069 
798 750 1297 1867 963 973 1732 994 874 717 755 959 889 
850 742 694 1136 876 766 1503 978 920 776 824 817 1158 

1166 1175 1289 1253 415 1173 904 1541 766 720 930 1240 1367 
595 1141 1134 902 731 635 920 1219 856 1017 874 969 869 
757 747 1058 1309 1950 959 885 788 645 1658 1163 668 1619 
913 898 634 938 1289 1074 1348 906 1150 1418 1768 1126 1205 
1223 1022 1163 1390 1103 1214 717 1056 737 511 661 1143 1488 
796 719 666 1005 974 837 1169 1075 1073 1081 1672 1243 688 
1186 998 1263 891 834 1175 914 1098 981 1305 1056 1225 685 
1087 1565 1166 1306 1113 1890 1175 810 1070 884 1014 437 1163 
1055 602 1283 1092 980 1469 1207 837 755 1593 1284 1155 604 
1156 1229 989 1231 804 1390 877 1245 560 881 819 1078 712 
1055 1284 1427 1047 1072 1095 779 1219 1286 1014 751 735 1486 
1060 954 1255 691 567 1385 852 875 1656 710 1079 1187 1279 
519 690 1033 849 851 578 571 675 1581 1020 1219 998 997 

1349 1790 628 992 2011 1344 1141 800 1116 838 1236 1263 939 
935 1256 958 869 1241 1332 1307 1506 1361 1225 981 1144 1322 
821 1383 1024 1970 1439 594 1014 1867 1960 796 854 1253 1139 
798 822 635 1589 1267 1218 1045 1295 1603 1630 1169 1385 851 
816 1391 253 1226 1058 953 1212 1398 789 985 1011 1089 879 
894 816 1244 1428 1302 1390 1021 1333 1189 1127 1318 1229 1379 
1878 1161 1328 926 757 703 885 1329 1349 1253 1445 771 1111 
1458 1514 921 863 1743 1085 1216 1096 1476 679 1410 943 1165 
657 870 1320 1421 678 1301 1199 1174 1134 1651 1619 1525 1177 
1197 1387 1217 1186 1223 939 528 1034 1332 1048 1366 894 237 
1370 1110 1162 1288 1052 1085 1335 1175 1294 1137 1572 1565 1672 
1348 1193 1094 1131 1342 1770 1090 1165 1749 1542 1443 915 1211 
932 1265 1063 1162 1157 1329 850 768 1138 868 1558 1252 1008 

1122 1402 1530 1060 887 1509 1133 1215 904 611 920 1117 1505 
866 1321 263 971 1034 802 1042 1167 702 1445 847 317 1040 
300 932 1234 1247 1285 687 1057 600 1120 1050 1342 1180 1520 
1029 824 1690 956 1036 1096 923 1570 709 1346 850 1047 1231 
848 931 748 665 1055 1276 504 1577 1506 1432 1161 1041 1566 
824 1203 1036 1401 1075 570 959 838 1226 1109 1279 949 1427 
1599 236 1417 868 672 1139 1201 890 1044 1342 1108 768 1529 
691 1700 1210 966 687 1666 683 1900 1054 1511 1122 1088 719 
1202 914 702 1142 1125 1020 1342 1254 812 1682 765 1365 502 
714 1299 1148 1509 760 686 913 1110 1187 1096 756 378 1187 
1011 2011 1492 1624 754 1088 609 1102 827 1025 1155 1087 1731 
1179 1368 1409 1317 272 1359 592 741 709 1067 575 1247 814 
1053 910 1089 1319 758 1062 1165 1045 1006 1240 1176 576 1400 

1029 770 1421 1186 1287 685 982 810 1164 993 1809 1144 1146 
598 873 1225 862 798 1343 872 1242 479 1045 1230 718 728 
1178 311 733 1160 1153 1261 799 926 1727 642 1530 1102 932 
1061 1318 623 854 1045 864 918 965 637 1387 1025 814 1182 
871 1470 837 557 1404 1279 1077 977 693 531 390 1150 1537 
411 866 1098 972 1343 1144 795 1013 635 798 824 791 1372 
975 863 1161 323 326 771 607 1534 383 815 1015 1023 1470 
835 1411 984 998 480 1108 884 1622 836 725 332 1066 1126 
451 216 933 1043 122 785 697 1047 1139 1235 872 1155 1185 
1459 1211 1308 1308 1045 809 881 1440 649 606 1333 1668 507 
1404 1213 1310 1069 1170 1187 1285 1005 1173 706 1455 1213 645 
1251 1141 494 1509 532 918 1380 984 1286 637 1454 1370 1604 
1486 398 1315 1483 1428 1090 942 1306 1128 685 760 1216 1055 

697 396 619 1199 527 1146 907 705 884 542 735 741 232 
810 1015 360 1157 511 1108 1072 982 874 1181 228 836 612 
418 379 1403 896 782 188 821 621 607 154 977 831 958 
560 494 992 536 587 670 902 866 290 1225 1157 727 705 
643 856 208 433 828 1314 843 388 782 960 510 716 392 
650 289 624 648 707 619 1031 698 473 1078 985 663 527 
493 938 1341 724 824 302 903 735 949 794 516 947 1048 
908 761 1074 795 698 739 428 1029 200 1247 868 1305 412 
424 937 1243 879 989 722 1063 608 493 892 677 499 716 
522 425 444 966 231 958 974 839 704 529 537 563 1189 
1269 629 1053 151 850 609 172 1179 684 669 1131 827 1119 
420 829 997 676 1093 685 890 815 1030 511 693 541 472 
484 468 541 518 716 630 1006 977 844 543 597 1051 499 

1249 1307 936 613 1607 1229 876 1212 953 876 1379 1555 1319 
1329 1335 1064 1398 837 1098 1235 1276 1106 1558 783 1352 1105 
1526 1188 1315 1009 1609 1213 773 1263 1049 661 218 1343 1167 
1170 1194 488 859 1303 778 1305 1729 1287 1659 800 1052 1403 
1406 1337 666 892 1660 954 547 1038 1660 460 1175 794 1045 
1028 1173 1307 1089 1057 669 1060 1599 1130 508 1714 1298 1015 
801 704 983 1092 1266 1567 1096 1215 1668 695 1127 1172 1418 
1048 1694 1708 674 634 1410 1467 1209 1516 733 1250 1363 1255 
1473 1167 1004 1239 531 1160 938 769 1223 1314 1557 873 432 
1216 1143 987 982 868 627 905 766 1273 1180 744 1832 631 
1383 607 1160 1271 754 957 855 1255 900 1022 1754 1351 1392 
1017 1133 822 1507 1163 1021 1576 1040 959 671 1339 1426 1217 
1382 502 1142 567 856 735 1089 795 1307 1082 1225 949 1442 

970 1202 619 868 941 1681 1318 756 1444 959 251 648 1333 
785 598 372 1550 871 485 1364 1178 676 1314 982 1051 862 
300 1560 1274 428 993 344 550 785 1181 1205 1682 1034 945 
902 874 1506 273 878 1007 1133 832 468 748 712 1243 1561 
738 1192 836 512 1266 1338 698 1770 692 1304 525 630 701 
777 1146 1429 985 1057 494 1172 848 726 1020 926 1346 1244 
1074 531 708 1073 905 678 1631 1324 837 1077 1121 372 570 
1158 676 1092 721 770 1088 935 1239 1288 608 1061 979 815 
1397 679 865 1160 1477 1186 266 1430 908 508 1102 714 1143 
831 1214 921 674 570 1463 944 996 1435 1316 598 407 1015 
1363 853 721 1123 -165 734 939 1312 400 1191 650 616 1093 
289 1330 1063 1079 455 997 967 1466 1135 1309 1158 1453 1334 
691 545 953 445 1554 1334 1051 1195 1220 699 999 1263 927 

228 719 615 324 705 580 329 1019 586 517 -92 936 653 
710 767 318 732 571 478 699 736 502 322 -108 199 54 
110 488 3 407 791 538 -100 495 696 571 -19 1046 485 
42 -48 803 488 444 547 743 433 350 226 616 676 678 
451 83 635 725 442 603 364 710 818 1161 1059 -36 -6 
566 30 983 471 -198 1024 1091 110 495 830 582 997 349 
665 347 645 703 -8 1079 407 276 687 617 1308 258 819 
482 864 291 794 489 632 460 1209 898 271 462 334 805 
495 185 247 775 311 1020 650 720 619 381 563 835 396 
440 206 1017 -259 782 484 204 382 502 855 -3 1014 560 
564 336 430 644 806 330 1027 877 125 396 446 220 655 
280 641 720 765 597 1369 407 260 586 253 422 687 463 
122 1052 -235 523 301 170 54 1016 412 293 426 274 671 

813 1549 1050 1372 1195 1646 990 1118 928 1137 1026 1194 1660 
528 1120 1600 2216 1330 1410 1347 1976 1317 1401 915 1947 1582 
1508 1239 1417 1749 1572 1226 1125 1466 1190 1521 1282 806 1895 
1519 621 1079 1013 1178 1556 934 822 979 1474 1567 1977 1341 
499 1364 938 1917 1172 1002 1108 1107 1101 1186 1111 1425 1304 
995 1503 1271 1330 1144 1533 1588 1157 1750 1096 1947 1506 1047 
1539 934 1648 1461 1338 957 1681 2150 1176 816 1054 1347 1335 
1345 1458 2136 1181 1494 1597 1368 1968 1689 1214 2212 1730 1339 
1647 1443 746 1145 976 1417 1051 1363 854 1230 1780 1384 1097 
1766 1481 1573 1037 1110 1616 1045 1437 1295 1105 248 786 1471 
1492 1414 2083 1324 1468 1578 1230 1187 1500 1133 1368 1550 1424 
1632 797 1078 1629 1358 1231 1676 1010 1573 1351 1506 1757 1163 
1384 606 1522 471 1274 1249 1540 1179 1555 782 1476 1292 1739 

1118 1317 337 961 1370 1328 1333 1200 870 505 631 519 1269 
626 662 664 387 1150 636 558 905 1063 624 610 452 773 
427 1068 795 735 1083 816 372 1294 1094 792 199 1385 1040 
1018 895 1047 527 657 393 683 1384 1128 757 854 519 1190 
442 937 778 881 622 691 379 1186 1288 1088 923 539 882 
1051 752 1242 1015 603 890 748 759 86 1255 1012 1279 656 
925 492 960 1013 761 99 595 584 1388 830 666 851 716 
834 1029 824 766 401 1338 329 885 926 1324 597 671 1072 
769 789 15 1518 638 738 1194 1295 742 461 1210 1538 411 
891 676 717 506 584 691 762 742 1263 888 564 762 1320 
397 944 944 275 1066 776 1006 806 782 881 932 366 1180 
199 1014 874 870 1410 1183 837 1128 1142 294 898 59 1196 
734 859 552 591 1088 1033 1232 1319 844 951 873 1011 1159 

1063 1145 1247 403 798 1472 346 1152 1228 1453 937 725 627 
1086 733 1728 990 480 1394 1055 697 1197 1474 1295 1186 1435 
933 467 1628 614 744 1356 1032 1194 1131 1701 936 832 1312 
1012 951 1172 1305 932 1058 858 1323 900 1390 1547 1178 674 
1291 778 1226 973 1213 1241 1383 888 1340 667 913 1073 1451 
697 485 1754 1319 1234 558 1303 925 616 1360 597 1185 802 
866 1124 794 701 630 862 999 886 1040 1109 1115 1178 1204 
847 1517 1250 1279 1038 1065 470 987 1047 1176 1493 1541 748 
1102 1167 1419 776 1375 617 794 1044 746 962 476 1035 771 
1498 1066 1330 1258 1120 788 887 1030 1187 711 1453 1115 1310 
1558 1459 1129 732 717 980 772 989 858 1024 1400 1111 831 
1121 410 638 708 1404 934 820 283 927 876 775 1390 957 
221 771 1098 632 854 1210 1143 878 486 716 1119 803 1141 

913 1443 805 317 1128 993 692 1079 892 940 1005 865 908 
839 761 628 1112 1411 1302 861 1436 898 1112 470 1318 683 
1287 1161 940 1056 526 632 545 1442 1444 853 942 813 1255 
761 1442 873 1323 656 402 893 1404 1117 1118 720 544 1066 
693 906 119 888 1399 1240 895 1077 893 1289 390 870 1124 
742 947 965 1447 788 895 1134 1164 905 814 1214 1497 388 
580 426 1114 1004 874 1148 1351 1155 1016 656 326 839 1585 
1161 857 705 877 1289 1119 531 1505 1466 1167 716 1050 1446 
1193 975 725 715 935 971 1195 1578 1463 946 930 950 835 
701 616 517 965 1288 836 1032 968 1107 759 492 852 971 
825 840 1073 1305 1230 950 581 554 954 920 1243 843 997 
918 1134 1192 1363 1389 1083 445 698 1112 677 694 1064 670 
878 1032 229 497 1097 1577 1062 959 1212 716 1109 550 911 

398 138 776 811 1038 636 539 1171 219 1054 791 305 1107 
854 624 554 900 929 627 303 1092 246 1001 527 687 1227 
1129 566 576 201 566 914 703 798 658 922 562 498 1095 
1056 1060 1055 704 617 663 580 924 506 1358 451 871 845 
1111 821 548 1033 667 739 443 640 1012 1001 1346 648 434 
-87 474 727 731 1021 1404 1008 310 673 939 556 1019 718 
832 639 1208 903 871 350 145 643 689 780 724 1088 436 
917 1179 1202 1063 20 640 731 828 498 447 918 905 1125 
929 784 809 552 1059 966 1349 852 811 1153 636 1401 679 
1230 1027 1007 1353 937 1140 1033 1004 905 425 447 879 660 
1010 882 753 630 828 269 1108 1065 335 894 1137 611 1017 
167 440 1054 524 864 573 747 239 1084 744 381 981 463 
349 490 856 630 1142 937 905 884 949 632 559 703 916 

905 1234 842 1281 825 1010 707 1393 822 999 67 1237 1335 
741 613 525 1321 624 440 1100 939 1250 1414 781 922 617 
1137 482 1152 1081 995 848 1074 835 929 961 875 873 1376 
629 331 815 770 744 454 1010 789 1284 732 849 1395 912 
783 917 1057 907 1583 1373 643 825 931 654 972 759 650 
1142 421 611 173 880 23 783 1495 430 1129 1064 1110 1062 
1058 739 738 733 560 798 1194 860 1052 611 836 392 1294 
107 905 1289 671 828 1221 548 888 490 740 1034 1132 938 
966 456 929 1381 1236 972 514 810 575 1193 735 636 797 
1163 1087 904 837 500 990 545 897 644 958 587 460 901 
1323 1710 1084 584 673 836 784 688 140 1323 1150 1007 1170 
916 651 752 1488 691 846 1149 242 1354 1534 971 1018 738 
1241 366 885 490 1000 665 608 708 494 837 734 721 944 

686 1010 983 487 545 657 1275 544 998 1048 360 655 795 
722 897 1003 650 893 718 1078 1177 1139 798 529 755 1059 
644 985 893 1586 1680 422 843 616 704 1244 355 1108 931 
1058 286 689 362 514 1805 1064 1022 1107 940 1128 1214 903 
720 862 341 790 887 675 1357 1018 672 1246 679 921 558 
-13 948 850 905 1199 730 1396 956 1036 1054 1367 479 471 
1185 917 1381 812 1405 1149 628 1089 774 753 1476 1171 914 
953 1163 1356 628 1210 1163 1087 1590 1306 815 838 759 569 
1143 860 890 820 506 819 526 1077 812 1023 1273 789 501 
976 567 943 984 1197 854 796 700 634 1078 494 706 750 
877 1015 565 1149 519 737 821 1061 1005 481 993 844 936 
812 956 844 862 288 750 1350 415 1315 591 806 959 1004 
1124 661 1253 590 480 896 629 491 1012 953 727 1283 743 

1086 1187 1436 1304 805 1181 1349 667 716 936 1287 1330 1131 
644 1030 1085 1205 572 947 1120 1474 1040 699 384 1154 789 
1243 1005 1271 1101 1343 1050 642 1278 1549 1054 690 1619 1660 
618 498 1119 1113 870 1331 789 829 1170 792 586 1433 1915 
973 829 961 1393 1480 1520 851 1215 1353 1063 1862 859 1086 
957 1202 759 771 697 1553 1237 1120 1606 788 834 1355 739 
1346 1239 1243 1069 1325 522 859 1382 1277 857 1442 1019 1264 
718 968 1475 884 794 1650 1202 1025 1156 1019 917 918 1281 
1243 693 -311 1461 901 1254 1464 1168 1408 1410 1764 1249 755 
1445 433 1172 1033 1150 961 1013 959 1198 800 966 1139 956 
1162 947 1181 586 727 596 918 1518 790 853 1042 1147 1961 
1241 962 1196 720 924 1121 951 1181 638 1164 794 1224 644 
966 784 1583 752 786 1314 581 794 1431 1104 840 749 1096 

1017 1141 1458 806 938 1091 1289 1409 362 776 345 533 296 
652 1615 341 1244 760 723 985 1469 921 1126 743 804 1013 
758 1220 1189 1099 1150 909 750 1652 1047 1759 862 862 926 
1317 945 751 381 749 1258 1225 1128 1156 1344 729 1279 884 
786 867 321 1593 1302 1028 1222 792 909 1738 972 675 771 
787 1067 978 1035 1009 1174 1459 1300 1106 1466 1587 1180 707 
1210 1469 1318 1289 560 770 1169 1304 837 811 1396 592 1146 
1360 1456 1333 1018 1104 1852 976 1265 819 792 940 1104 1183 
1437 1499 829 1037 1135 1450 387 1406 618 1314 648 781 1057 
1288 886 805 888 1462 934 769 1387 1300 843 547 1760 1188 
1730 1262 1360 1269 1712 1130 1255 1194 724 748 1650 1195 1564 
1618 1043 1353 1003 1190 985 1022 867 1716 1095 1340 1769 795 
983 907 1148 1190 884 1825 602 1243 1506 1682 862 948 1537 

682 1369 1073 1446 1037 1198 875 908 985 1420 870 1027 1541 
376 668 666 1492 1185 841 930 1376 1086 811 1105 1001 1294 
1437 503 886 975 1753 740 875 958 1136 1019 1016 1207 1158 
683 575 979 1181 557 1506 861 756 552 1197 1510 740 1086 
867 1256 868 906 1479 1414 543 1045 623 1003 1287 976 796 
748 967 1143 1214 1049 697 1361 912 903 1069 1606 1017 1037 
848 643 1263 994 1280 531 1306 1505 1139 745 954 869 1316 
1481 1385 1504 1329 1550 1360 898 1206 883 1063 727 1064 553 
1068 300 462 1634 920 1107 803 1313 1403 941 594 762 700 
1539 1235 955 384 413 1584 930 960 971 369 957 248 515 
1211 1245 882 1191 982 1118 841 1083 745 969 1334 991 1491 
1082 1179 1340 1292 432 978 556 1473 1186 1533 1074 1209 991 
1192 613 1047 1054 297 1022 1128 1785 1547 307 674 1044 1203 

1352 813 1382 1288 1932 1148 1187 896 1528 1441 1155 1414 911 
964 1184 905 1404 1552 1028 973 1947 1048 1429 1053 1343 1179 
1522 769 1732 1171 1785 922 1611 1422 870 1428 1184 1073 1539 
1564 1259 1106 1335 1017 1664 1358 938 1478 1367 1532 1543 1425 
971 1074 756 1243 1716 1541 1224 1210 918 1626 957 1612 1342 
980 1517 1549 1059 1319 1824 1113 1229 691 931 1781 1132 1118 
1194 1356 1162 1243 1504 934 1746 1643 1731 614 1519 1073 1600 
1875 1958 1812 1252 1930 2098 1408 1546 1461 1169 1651 1515 1379 
855 1797 1599 1652 1227 1367 1223 1494 1508 1502 1562 787 1373 
1635 1076 1282 1008 1526 1260 1703 970 1198 1000 1552 1647 1328 
1314 977 691 968 934 1195 1470 1129 1069 958 1032 1439 1176 
1383 645 918 955 1251 1685 1360 782 1659 1289 1077 1395 1081 
1350 1209 1367 891 983 1678 780 1151 1478 1166 1106 1099 1054 

324 1200 1118 738 1103 781 1363 1358 513 1011 1280 959 1108 
933 943 1232 1605 849 1850 1140 1436 987 1342 1416 932 1267 
1004 923 1476 1211 985 600 1048 1115 1691 1424 846 1496 1692 
974 1217 1202 970 862 987 1338 1124 996 808 1532 1665 1037 
1100 802 965 1783 1277 1471 1197 1287 996 1286 1076 672 1244 
502 797 1209 1812 859 697 1506 1020 1351 483 1512 1080 923 
949 659 1270 1450 706 1032 1544 1172 762 891 1145 1056 1065 
1381 1457 988 1267 1483 1287 1107 1429 1177 848 1098 983 1487 
1505 1444 1046 1143 1234 1237 1101 1484 1287 878 1644 1344 1287 
1544 1303 1306 1293 1640 1046 927 1692 1453 893 904 1103 1142 
1766 1222 1706 1231 961 1300 1090 732 450 1483 1131 1164 1251 
1773 1057 734 1157 978 1606 988 889 1122 751 874 1299 1520 
1018 877 979 701 1236 1287 2003 1217 1441 835 1576 1339 1145 

687 1212 138 1010 235 657 875 836 133 472 612 984 1173 
428 637 644 750 408 710 1414 1346 910 793 318 385 730 
299 300 1038 1510 1425 819 932 722 1058 777 311 831 1140 
890 715 704 629 407 873 824 1053 804 1229 1473 895 712 
700 1275 764 1394 798 1111 455 429 1383 550 923 1087 1074 
468 584 325 844 302 822 1211 929 907 1008 996 531 845 
1213 1048 922 311 791 1050 827 820 1257 1393 885 700 421 
267 1502 858 480 852 768 404 543 534 1143 650 363 422 
984 871 798 727 939 1090 1178 984 716 882 423 1087 -154 
868 777 752 1229 883 1094 727 130 1090 668 576 712 1023 
1590 1321 786 871 932 900 968 1099 716 1254 1008 49 1182 
562 831 657 584 260 789 897 352 708 890 1165 694 261 
644 821 1196 240 1020 989 491 472 650 763 448 1154 981 

979 1672 772 1153 863 1654 1270 710 1102 834 1048 498 611 
202 357 -158 1320 709 617 505 1487 525 1850 260 467 255 
744 690 932 934 1053 980 526 832 1371 773 823 813 1567 
1104 576 525 944 385 614 773 1291 675 967 894 1331 1406 
734 508 314 695 1294 892 769 1042 1184 1326 1068 616 1059 
369 682 983 1144 1553 864 970 1116 584 600 756 1104 802 
954 656 985 914 704 907 762 1097 940 993 1271 644 1509 
747 1425 564 947 728 1102 518 953 1057 601 750 828 967 
764 606 239 1259 320 1127 462 1347 236 1418 290 482 1044 
1240 951 1001 331 1009 525 59 1458 523 813 476 1042 714 
1038 864 1674 653 1191 1337 806 1472 1344 686 1366 1611 1553 
1314 744 700 1081 1454 1556 1003 493 1110 868 221 802 642 
751 1052 600 774 533 335 1179 1081 793 637 885 308 773 

1055 1578 537 1157 1312 1229 1344 610 1322 938 950 941 764 
548 1291 1016 659 555 1244 1037 950 897 1094 1233 920 1309 
1002 772 1763 1335 1125 758 629 1415 1542 1028 956 1407 756 
1117 523 1474 144 1020 1268 1220 1117 857 1149 887 992 1224 
1073 621 1052 814 1255 539 1344 1338 741 521 955 1107 1309 
950 685 1026 1261 1631 1023 604 916 707 1523 1087 1030 1058 
718 1001 1416 816 849 994 1563 716 1094 1001 1014 823 1295 
1608 1478 830 898 1457 1099 295 1338 904 843 779 323 846 
1121 1384 950 1352 720 886 693 862 711 1357 1117 804 872 
810 924 1458 1085 948 690 902 939 1420 1411 475 837 1006 
901 847 1267 1145 883 1096 885 1262 934 613 1193 1678 1580 
604 771 467 1174 930 1256 959 729 615 927 932 1218 419 
328 1072 893 875 1176 1431 641 1122 878 1133 1494 1101 1401 

1223 1260 1047 1401 990 1545 1025 954 731 396 1219 804 1094 
880 1348 1072 998 401 878 1341 1091 1356 841 868 551 800 
1340 899 966 1264 1174 1156 739 1424 1720 1222 696 1329 1298 
1171 1061 1115 1049 995 1080 1632 1417 942 1005 846 1486 1371 
1300 861 524 1608 1037 1049 640 1427 627 552 1329 912 913 
656 837 1111 1250 1277 695 894 901 1225 1171 1256 1420 437 
1483 1028 1006 816 520 402 1586 965 1148 300 682 1179 925 
1079 981 1035 863 1407 1100 518 822 1214 838 1177 936 1428 
1200 1677 813 1461 1237 1625 1030 871 675 1348 481 796 1392 
1151 1181 859 1552 901 1185 1228 1293 1047 576 588 1204 645 
1969 1024 1330 896 1743 1205 922 995 556 1226 1595 697 1391 
1571 801 1301 885 919 1526 888 1445 1468 1187 716 1123 614 
617 887 1294 955 874 733 1362 913 1294 591 946 969 1181 

719 1401 1000 1200 1055 1024 864 704 854 1213 1088 405 983 
1283 777 1728 955 1082 1282 1192 995 546 1057 939 809 1162 
871 1067 736 1465 901 755 582 829 1456 961 1423 1074 763 
846 884 987 940 621 847 765 445 903 1422 530 1652 1602 
609 1334 977 904 1318 737 1207 941 776 906 983 1420 824 
561 1111 400 1454 838 1085 948 1264 1032 741 1614 861 754 
905 646 1490 1462 1079 763 1629 1398 761 1034 1155 909 1058 
1845 1020 1178 1096 747 1227 1124 1989 961 578 1007 487 1250 
826 1051 988 1049 806 1469 977 692 1511 251 1425 1097 1111 
509 1196 1617 1373 1252 1198 1122 1036 1049 1000 891 957 754 
759 1097 586 645 1241 960 653 816 621 1177 687 797 1463 
212 587 800 955 1560 1658 477 1336 1079 638 1144 975 969 
850 1214 606 1040 628 1371 739 565 1001 859 956 1086 1078 

1599 1164 1733 1492 981 1120 1133 1268 1149 1099 1182 1680 1109 
667 1133 937 791 1084 502 1428 1645 597 1025 733 541 767 
1228 1273 912 1514 1309 1425 808 926 1459 1668 1559 882 1015 
751 1195 1017 1243 687 282 1059 1465 1184 932 1081 1342 1212 
750 1526 396 838 1254 974 805 1109 662 670 981 1253 880 
918 1163 924 1557 1311 1485 1212 1114 1449 1301 806 890 738 
760 866 1471 751 1421 1014 1069 1480 1473 406 1069 1424 1186 
984 1137 1847 622 869 1373 1685 1391 883 1251 1283 1052 1187 
969 569 497 1087 921 845 662 1473 1183 983 1135 1340 588 
793 1338 352 542 1202 1665 755 1159 687 873 1067 896 1070 
1596 1506 782 985 974 697 1379 1370 793 1299 1016 879 1127 
1429 294 1519 1375 934 1734 1423 684 984 922 1094 671 964 
1333 534 1954 1229 531 1323 962 1087 1643 1125 849 1299 968 

991 1325 1362 1618 1110 1444 1026 1178 1060 968 1809 1583 767 
619 1101 779 1065 1239 1345 845 1183 704 1304 855 1310 1316 
1260 598 973 1068 2025 1004 1016 1209 1623 1474 986 620 1877 
750 1625 1150 1015 991 1445 1246 1631 888 1561 1536 1317 1076 
851 937 1096 785 1364 789 1554 1249 1258 996 735 1465 1582 
1309 254 962 993 1084 1009 1596 1300 457 1519 1500 1317 521 
1206 654 1520 1074 674 1287 1058 953 1157 1015 1254 727 1296 
1832 1302 993 1652 1530 1178 717 1345 1064 791 890 1595 1364 
950 1355 1573 808 1080 1202 1152 772 1012 1060 1468 885 1236 
612 775 675 1458 1525 1192 814 1561 1255 1566 1450 1384 1451 
912 1966 1219 1584 1190 1328 1024 1148 712 1054 1868 1165 1335 
700 1094 968 983 928 1455 1076 773 1065 1426 1082 1122 1759 
1369 1575 1648 1076 891 1625 376 1815 736 1281 1061 559 632 

60 859 163 971 186 1144 886 806 471 558 555 955 772 
813 689 527 912 809 737 620 1326 700 681 299 307 -188 
374 428 993 320 715 885 673 474 872 887 509 429 1014 
1018 1119 386 498 794 1165 454 983 1120 631 969 893 760 
819 1013 987 837 923 599 833 1088 568 871 358 220 876 
720 200 752 764 618 514 940 425 537 1235 380 1113 707 
1105 758 861 391 162 693 1107 772 162 1179 431 153 771 
694 1491 849 739 605 1069 415 756 656 807 531 916 629 
713 630 612 861 570 879 612 58 236 769 1482 519 -89 
981 984 764 771 329 801 432 972 808 1388 611 476 752 
749 1269 817 1198 956 789 909 1620 1017 665 863 761 1099 
442 661 556 865 302 898 346 398 620 443 883 843 972 
873 1040 686 243 955 635 905 789 467 479 844 1251 1074 

808 1084 1549 970 1457 962 885 773 574 894 535 826 579 
559 784 1072 385 802 930 775 1288 409 1219 948 995 1020 
903 1010 1265 1115 1098 613 1137 1485 1005 566 862 1513 1388 
1260 507 1182 909 696 925 635 914 982 1176 555 1300 1178 
556 957 392 957 1646 359 599 989 751 735 918 762 698 
716 1411 768 1615 920 731 635 683 884 -41 778 996 870 
1578 926 1120 1256 746 1435 1187 1489 1151 992 384 733 1101 
530 1039 697 874 1313 1308 726 1418 1501 554 514 744 596 
1089 664 749 1187 730 671 801 1206 745 897 999 1063 586 
1327 834 678 597 514 827 260 1295 770 864 215 570 443 
1270 602 908 1620 1021 976 882 1092 379 511 1198 1312 1177 
1066 1270 585 1498 1086 886 808 1054 307 954 1383 1244 810 
600 876 720 139 1085 1419 1001 948 1078 1068 1229 1139 1218 

745 1080 1120 663 847 593 348 278 583 375 816 774 300 
803 170 194 584 637 1053 995 985 29 561 653 565 502 
747 844 1153 175 766 1091 720 932 1074 409 638 785 1356 
1106 642 996 828 394 875 1150 904 711 830 1014 596 436 
809 822 406 798 1022 1159 830 1013 1110 672 1398 879 1188 
424 654 1214 675 532 34 151 492 757 614 171 975 1136 
1188 676 674 523 538 1228 732 351 990 589 818 369 1033 
510 1075 544 1042 724 969 -134 144 1522 366 701 1035 696 
598 828 591 787 501 494 645 673 56 204 957 875 368 
554 1067 -40 440 1197 704 -93 1533 923 722 569 1014 484 
1461 912 788 1206 733 859 454 274 347 266 1208 831 598 
1059 614 180 595 1036 1132 769 981 650 667 390 333 344 
889 510 550 647 1022 1042 1057 621 377 184 483 289 759 

706 1432 1622 1474 1606 1597 852 1144 718 1334 811 1408 1088 
735 836 755 1502 877 892 1049 1854 1668 1300 1392 1187 1347 
838 1296 1198 1439 1324 1188 1350 1240 1200 1808 939 1158 1742 
1608 1106 1504 1199 1575 1205 1222 1110 1481 1311 1895 1780 1254 
1163 1495 861 785 1800 1546 1435 1362 970 625 947 665 1226 
1124 882 1049 1470 1037 764 798 1661 892 1099 1212 1568 1160 
1410 1349 1519 1159 534 1995 1003 1460 1122 1358 1366 650 913 
1212 1290 1009 1327 1261 1709 815 1365 1226 612 1439 1145 1584 
1325 637 1015 1455 986 979 881 1383 1268 1072 1322 1343 695 
982 1401 596 1509 1371 635 641 1007 1378 1090 721 923 899 
1466 1675 1342 970 1112 1243 1325 1362 949 1747 597 1495 1693 
1388 1213 1091 1083 1002 1410 1429 735 1200 1249 1829 830 1092 
1537 1111 1595 575 1005 1157 1030 1591 1673 1327 1228 1549 1431 

604 1271 474 841 813 860 766 243 731 972 1639 666 802 
961 1523 990 1258 695 1223 688 1302 791 1213 777 1277 689 
1429 516 1260 1340 1125 1565 1009 1403 1280 743 673 1482 1201 
878 913 1192 1132 443 463 1523 742 1429 1075 1594 1143 876 
867 971 553 1402 1221 1366 895 1354 966 1182 1103 883 929 
1232 933 888 565 1113 1290 1166 742 1408 719 1573 1031 986 
1141 1078 1109 960 1165 916 1308 1114 1329 927 1186 1079 1359 
1452 1381 915 969 1178 1622 785 1372 810 1084 745 1136 831 
1495 1292 236 1523 69 984 1541 1029 1328 1096 685 452 807 
838 836 1408 871 893 1068 1106 1460 855 934 1220 857 979 
977 1015 1174 755 1226 1169 1291 766 844 416 1093 1127 1484 
1645 803 1046 648 1373 1732 778 1284 1387 1326 1425 1251 593 
926 1061 863 516 1080 1370 893 1502 1525 706 1899 831 944 

1540 1128 361 1182 1026 1017 898 1359 251 1169 613 867 1624 
938 667 857 702 722 674 727 1465 1079 1035 1264 993 1427 
287 1435 1117 1280 579 478 942 812 901 592 1244 775 1219 
1093 898 827 1217 616 790 1153 585 940 972 513 1218 849 
701 990 889 1121 1162 623 1076 953 1034 531 910 619 874 
686 856 693 648 1031 718 606 629 862 700 1107 563 1759 
980 729 1169 1531 442 1222 1378 1516 1248 1056 914 590 669 
745 1292 889 679 1445 978 847 658 1473 804 1052 949 817 
929 706 1036 1472 679 454 745 1416 839 707 1365 1217 794 
1041 809 653 868 1090 1454 140 811 776 618 513 402 90 
1288 1319 1241 1451 1007 1493 904 1235 -99 1076 895 1174 1673 
945 915 605 1128 656 933 1192 562 1328 617 1860 453 1140 
692 356 1355 549 1018 902 1643 1414 1311 1345 1933 639 1195 

1014 1091 590 1917 996 1267 1028 1164 560 406 1219 531 379 
600 1286 1069 907 1344 451 296 1534 332 895 699 741 1007 
580 576 543 905 1110 828 800 802 538 904 980 703 1160 
1046 975 1182 823 687 703 1343 713 1110 913 1113 1212 558 
889 784 805 1464 892 1092 675 1037 1498 998 423 863 876 
1438 417 738 1076 1556 637 1455 1028 897 1119 1364 631 391 
1517 1353 890 981 1013 435 501 886 1019 827 1279 1080 856 
746 1171 1019 977 759 1009 718 1590 707 989 557 1127 720 
1021 1227 904 840 315 1400 833 1440 530 903 879 1118 1249 
659 914 412 913 1016 1036 1254 1509 1586 732 216 1041 857 
846 742 807 407 1039 1012 413 798 167 761 825 737 1370 
1098 1258 1150 604 761 1213 493 1346 1208 335 911 1076 1002 
587 1098 878 1195 995 1350 876 1137 969 1077 1046 747 1132 

895 889 674 389 640 709 520 721 416 430 71 266 110 
195 479 518 941 -46 1030 1109 911 362 1000 215 635 694 
637 815 428 523 592 504 424 598 1099 663 873 739 725 
176 689 702 728 580 595 491 810 428 900 510 270 694 
128 226 -42 707 1188 327 1213 239 -245 1160 820 807 235 
447 309 441 512 531 661 595 710 677 857 1076 389 829 
102 -105 251 665 457 255 1088 495 420 159 572 104 438 
565 383 811 589 647 1066 626 505 342 638 666 1067 673 
625 893 995 342 774 130 134 602 572 200 666 991 885 
814 922 1043 539 545 928 615 286 485 185 835 375 292 
1025 884 903 896 591 936 1223 480 779 95 324 948 618 
445 543 502 620 1044 886 399 646 297 525 554 426 1036 
670 377 1191 1116 575 974 373 428 729 1034 388 583 380 

343 482 888 540 871 213 737 1237 788 298 928 389 1103 
221 782 663 110 534 896 580 657 231 1223 434 914 777 
233 317 569 701 724 558 845 893 927 612 866 710 1181 
1047 570 1526 899 572 642 917 774 622 1010 1112 793 420 
890 653 443 653 416 1135 649 891 -40 402 931 1460 342 
847 1044 512 475 828 793 836 630 717 145 686 930 367 
494 400 972 395 373 577 1125 666 681 580 613 872 848 
550 362 1025 200 865 1038 961 520 426 624 644 1080 1216 
471 533 1043 890 757 891 470 1045 647 721 461 963 1209 
700 541 675 635 507 306 342 560 891 611 697 804 812 
817 674 1117 514 703 1163 698 996 26 490 1058 584 741 
588 787 1000 1024 490 350 968 994 863 1014 580 341 918 
558 700 976 264 580 708 522 910 650 1046 464 914 1035 

494 1418 746 371 951 1156 1372 660 547 681 442 1031 1457 
303 841 749 1269 889 729 1283 783 703 1244 1530 143 701 
750 836 892 748 1290 1226 1006 468 909 1200 973 1071 1156 
919 907 1399 720 344 656 1065 920 1573 1014 1046 673 1297 
411 785 400 975 881 994 757 1117 704 832 435 634 974 
1307 1040 886 1282 838 655 798 1301 920 1275 1071 697 535 
696 343 727 706 976 1020 1914 1174 665 1000 916 709 1150 
642 605 1528 526 461 668 569 1316 1287 865 917 649 1164 
1103 799 1058 1302 991 909 379 1513 1395 816 1169 794 -4 
878 951 853 813 214 924 1303 894 1148 1385 809 1444 1217 
1312 476 503 440 1136 1200 1046 668 784 1054 1283 930 734 
394 844 880 1423 1221 1253 761 826 787 878 1235 532 1212 
1096 569 1613 981 967 453 484 1073 507 969 772 1374 311 

594 686 935 245 537 821 674 759 1035 356 258 362 731 
777 472 551 933 812 1112 1043 874 1252 804 153 843 755 
591 657 1013 1160 995 449 1071 1013 1899 997 1065 696 701 
601 881 1089 773 770 664 791 725 136 934 119 709 951 
909 410 466 1263 491 1090 670 151 538 1002 1136 723 559 
373 870 163 927 924 708 1217 1066 699 1361 1072 677 797 
966 1191 1050 810 869 246 695 976 709 768 903 515 434 
1090 748 984 838 432 918 566 927 847 968 820 555 1317 
1609 1163 901 1121 1214 781 348 787 1037 597 941 144 689 
1159 541 843 1004 778 1145 808 1497 954 1062 1394 936 829 
1112 746 972 996 769 783 548 807 873 1029 1387 864 952 
470 267 256 722 1054 665 1532 1055 1049 1138 622 597 970 
761 621 604 825 1270 993 936 740 1310 276 628 234 651 

941 1117 485 512 364 666 553 48 790 1030 750 1083 821 
482 1245 601 915 862 1110 603 757 181 573 -92 1217 612 
638 1337 976 427 1215 960 1285 793 1143 681 585 759 1231 
435 829 850 861 191 760 1356 758 1096 891 1108 285 981 
1166 637 717 1006 469 1074 689 809 977 993 856 552 1000 
499 634 1148 711 549 1049 846 369 606 943 531 653 1004 
1375 758 771 575 487 343 341 595 1124 834 1024 625 698 
784 1079 1031 1056 1109 946 324 632 227 874 29 929 1132 
1021 1091 515 715 -56 690 691 821 882 1361 948 230 513 
903 662 661 674 837 610 1254 793 1280 989 554 660 867 
281 668 470 -119 350 823 1116 572 1170 562 802 780 1030 
564 781 685 132 888 1129 478 416 545 402 1118 1013 810 
363 1316 334 1183 791 638 757 910 847 844 905 370 824 

878 1173 559 1091 514 1052 1356 605 820 581 546 1134 514 
547 1414 1195 1675 821 1406 943 1072 1132 674 398 926 1193 
1155 1390 1314 682 778 704 705 506 1200 1413 985 1070 1414 
707 1001 835 819 267 1492 1214 1488 753 1419 771 1091 1112 
1217 843 204 1023 863 721 1086 982 1002 834 1303 753 259 
1095 1028 1142 685 754 1446 1412 881 1148 1284 985 1064 710 
1379 1364 1279 1356 903 593 1537 1105 996 863 1598 915 842 
817 788 1199 641 1134 888 867 1130 794 936 740 1026 733 
1548 1209 1058 1093 596 1064 903 691 639 558 664 647 917 
1568 867 1218 1100 1315 819 1280 886 799 921 915 1312 885 
1146 906 674 861 1132 413 811 770 1537 615 1384 697 1031 
807 808 1063 652 1051 1098 1352 1139 1682 918 1015 524 992 
1134 596 694 639 1033 1607 448 1202 1392 794 983 1227 1039 

1185 833 840 497 1075 450 891 798 792 868 883 1182 1488 
1443 1220 1093 1222 1299 1104 823 1217 854 1386 951 362 979 
862 895 973 1269 1267 815 1603 1188 711 472 477 1111 1415 
911 1223 1291 696 806 803 781 665 1269 852 1174 1383 1206 
1038 938 266 1320 1317 790 863 1828 941 703 146 1047 772 
798 860 940 1366 810 936 555 1337 973 950 778 676 559 
1397 559 783 967 1044 1544 1734 793 923 580 779 1275 1405 
513 875 1348 620 1538 911 1301 1176 604 946 995 885 648 
759 1129 429 969 1247 1735 1197 804 484 1311 997 1142 1470 
738 345 795 705 955 817 577 520 682 1079 174 900 1624 
1587 693 697 901 1529 890 1249 808 559 825 743 606 701 
926 896 1497 1215 854 1352 417 606 1202 1238 1172 609 887 
1079 332 1062 -115 605 1359 780 705 608 720 820 1245 1137 

496 811 897 197 793 477 649 1017 652 73 980 592 937 
37 528 822 870 419 717 710 392 296 680 537 1067 521 
809 940 1031 650 1220 883 601 319 1009 702 323 467 796 
1046 -175 977 281 678 1174 721 547 989 507 854 743 508 
596 1167 1192 740 1042 1020 402 264 702 823 838 598 775 
479 433 898 644 676 647 415 793 513 533 668 1012 434 
1051 438 680 852 405 268 1000 363 334 1027 463 464 598 
1027 385 1366 908 625 727 436 855 210 871 883 457 1261 
900 355 682 1150 662 782 430 815 801 392 947 25 742 
1086 223 409 462 890 591 845 426 748 467 454 93 874 
843 687 1142 585 551 619 63 349 654 410 858 677 683 
778 -69 485 899 258 703 658 158 159 397 501 203 1244 
939 1119 714 517 780 483 508 471 918 385 637 189 379 

353 736 1185 683 1073 754 855 1004 879 923 232 434 808 
609 691 547 642 873 1326 615 704 352 909 588 786 983 
424 425 522 353 735 1021 741 297 461 615 870 893 722 
1080 689 695 982 729 293 587 923 645 684 719 1379 1435 
417 744 865 177 1247 840 750 1187 588 714 446 739 661 
1168 837 1086 754 1087 810 967 132 373 53 715 831 198 
584 576 1072 1013 156 493 1159 587 543 824 526 1140 1008 
895 -47 1206 643 582 1039 680 1279 760 290 1242 1126 853 
174 580 1302 791 626 540 685 988 297 544 514 845 949 
499 1103 943 1097 879 677 454 753 1006 1096 296 959 791 
124 579 773 204 862 813 339 888 1270 562 569 804 702 
419 483 543 877 996 722 767 84 766 741 971 539 737 
652 969 656 738 664 916 1236 1108 724 308 588 801 728 

611 1264 634 1432 1239 1264 1274 988 1320 933 1454 948 1134 
838 918 1122 1186 1260 1345 1063 1181 958 1348 776 782 1239 
1072 680 1573 961 1167 832 779 1103 1582 902 712 1281 1053 
427 1375 1143 605 1116 871 1075 300 1191 1813 1327 1667 1038 
1363 1272 575 1252 1801 1080 1190 1066 778 883 620 1313 1271 
1056 875 932 921 660 563 539 985 709 913 1339 797 1264 
1387 497 1349 833 856 747 1674 814 1513 712 1449 333 1502 
1387 1229 1224 1422 1268 1229 1353 1086 828 1371 1227 1095 1125 
870 812 931 1328 501 1234 1341 1327 721 1069 1342 1041 976 
1083 1025 1437 1108 1456 1155 1582 988 1306 751 1326 1341 1197 
548 1374 1296 1050 928 1376 1171 1122 873 1286 1475 1398 1333 
1147 477 483 1136 1524 1510 1523 1265 1064 1074 901 493 1121 
302 1031 997 907 859 1280 1165 695 805 1267 999 1277 879 

358 1229 445 1155 1430 1109 675 1019 939 929 773 656 690 
521 1202 1063 540 1416 579 1015 904 1142 1274 1148 662 732 
1170 1091 1032 1335 955 459 581 1114 967 1220 797 638 1002 
1233 278 803 805 845 1113 471 939 928 635 1431 1148 1073 
1156 1063 1230 1021 697 309 430 932 542 464 1132 786 1134 
717 1091 1155 1001 941 1103 902 1005 493 278 1968 619 1046 
580 743 926 1085 994 1108 1272 1061 690 806 983 987 711 
693 771 1534 975 799 855 1023 922 1038 546 639 852 1338 
1088 1304 1279 674 948 1101 659 1297 1132 977 988 990 836 
2045 991 639 613 1440 1583 756 1073 1063 805 809 1105 1411 
367 1110 1034 863 670 1003 419 565 419 661 1054 1101 1442 
855 533 733 1109 771 980 976 1011 1152 762 1243 696 940 
558 323 590 472 470 1010 803 1533 1069 799 1355 702 746 

1040 1187 1353 1305 679 1518 1312 1544 1560 984 1143 1141 1520 
1538 1305 1089 1302 1343 1486 1497 1856 1431 1217 902 1132 1306 
1152 1652 1333 1611 2041 955 934 1040 1941 1595 768 1226 1773 
1214 1356 1507 1477 1519 1522 1433 1625 1485 1431 1472 1373 1557 
1320 1579 1274 873 1612 909 1559 1158 1216 1109 1087 1257 1468 
1196 989 1008 1636 1234 455 1208 1425 1219 1483 1256 665 905 
2173 1582 1835 1262 894 1273 1541 1062 1219 794 1374 1610 1089 
1232 1599 1734 1004 1707 1079 1034 947 1478 1336 1554 1624 962 
1400 1270 1881 1438 713 1390 1558 1404 812 1166 1588 878 1266 
1452 1312 1367 1323 1290 1079 1511 814 1799 1320 1065 977 1305 
1334 1851 1487 1485 1101 1120 1066 1247 1766 1767 618 1466 1543 
1084 1169 1391 940 1479 1724 1325 858 741 957 906 1185 1224 
1569 965 953 697 846 1367 1106 986 1447 1176 1469 803 1558 

943 836 928 681 1127 1183 989 833 479 850 832 395 1076 
1363 454 1267 972 1299 875 131 780 748 1137 1593 978 1150 
849 525 882 795 782 1254 1149 1252 1497 1076 1237 1268 966 
645 993 678 1250 1073 1120 956 1090 1489 1242 655 1611 1132 
1266 907 895 1364 996 659 1085 926 465 1104 736 957 709 
687 851 949 1268 827 647 1301 1522 720 642 1521 1496 523 
1449 969 1114 962 976 1165 1418 1498 1070 1067 1109 672 874 
1204 1226 1081 1184 735 1155 1269 979 695 1571 1191 881 1277 
927 1289 988 1491 731 1113 1150 1029 913 814 1329 738 932 
1656 343 1036 928 617 1268 1030 1595 997 758 1156 558 967 
1498 757 779 1395 1832 1193 941 1210 958 1273 616 790 1491 
802 1382 835 1146 1017 982 1102 1461 1020 711 1070 557 786 
418 900 510 584 1285 1191 870 671 874 541 1518 1354 949 

680 1543 1163 886 708 1517 1060 839 1425 1514 1348 1193 1096 
952 1077 588 1274 862 1088 1199 1478 1093 1035 1203 1097 799 
982 1186 1114 410 1004 1136 1186 1396 1259 861 1179 1085 1093 
960 484 1260 1072 746 711 782 963 1058 788 737 1359 1306 
1554 1585 1093 1079 1211 1457 1271 1347 993 654 1332 1018 1384 
458 750 677 787 1206 635 1233 541 1070 972 1343 892 553 
352 659 1107 1360 517 507 942 1508 421 1242 1844 1032 889 
1286 1711 1199 1185 775 1185 1296 1276 1018 1266 975 1045 1511 
1003 944 431 1362 1097 850 1036 913 1109 1150 1292 917 869 
1323 1252 1086 1641 1356 1312 1098 1346 814 547 815 749 1512 
825 1088 1352 1384 995 1006 520 1115 641 1443 1291 975 1052 
842 908 900 946 820 1136 1317 682 1146 932 971 1156 639 
1235 738 1192 1039 928 871 514 941 1128 616 1275 475 1265 

643 1643 513 588 718 1177 943 1054 541 452 523 616 685 
286 476 113 1047 479 421 906 1666 520 490 632 483 617 
434 693 701 902 705 818 618 1004 1064 670 377 767 802 
128 700 615 339 584 602 417 701 1147 1504 121 401 635 
144 294 52 28 814 102 33 355 562 1027 468 587 338 
847 698 783 1113 882 67 1149 426 284 1170 1546 980 446 
897 319 1085 44 999 717 1112 950 492 1284 649 300 675 
595 274 432 509 1205 896 638 951 847 791 1018 165 1067 
572 -75 415 668 947 694 960 1243 471 774 961 861 114 
392 777 696 291 884 867 437 1072 450 682 875 684 469 
747 708 663 988 433 728 757 1382 684 867 670 271 1136 
274 724 507 1174 217 716 500 660 668 1137 645 421 339 
458 839 566 851 645 948 335 500 566 551 694 523 960 

463 656 944 533 227 820 557 1146 715 475 935 996 1068 
880 1186 464 920 677 1004 999 970 580 1201 1036 1396 924 
608 1010 805 481 1414 913 1186 655 1287 494 651 1287 1083 
1103 822 1235 452 523 1175 727 1144 526 846 1649 264 1125 
855 1003 737 654 1370 924 933 322 319 1034 1067 922 892 
200 519 935 1442 753 959 1147 861 725 535 757 783 878 
755 426 1146 686 890 647 1382 500 1008 217 1415 815 379 
906 800 468 981 682 585 697 496 367 1270 877 1133 852 
584 1022 983 721 603 1133 1083 1316 1199 588 906 915 1046 
1167 286 1093 355 996 956 1215 871 851 160 729 863 794 
1324 1241 883 963 209 1013 700 825 194 787 504 1064 937 
542 1155 973 1085 725 984 613 146 1200 683 925 623 808 
1243 566 788 659 915 1046 840 1137 1099 820 789 1317 864 

581 1132 577 587 546 907 949 1326 733 677 372 257 980 
891 986 1000 772 883 1067 561 1099 1076 1192 728 1599 879 
899 937 749 518 931 736 797 814 500 368 1293 1200 1001 
1044 1706 1267 1254 622 791 1570 969 1219 1511 1032 653 1428 
1364 852 1050 945 1662 880 1498 1266 1018 1374 1160 895 661 
907 803 678 969 1058 85 741 902 1088 1113 950 1123 238 
1313 337 929 702 1345 1113 1345 594 1133 595 1216 856 1068 
1179 877 1023 1517 1436 719 1205 1258 755 727 722 856 1207 
967 1076 629 1285 987 1090 1426 1217 456 1256 1390 509 602 
521 1134 1296 371 1087 1044 820 1096 605 1171 -89 1440 768 
1497 1640 1296 891 1013 1159 1208 1416 85 916 892 887 1079 
1106 1053 1333 1660 615 1451 1170 619 1346 1618 989 932 458 
924 879 698 1353 612 805 712 397 842 998 1485 662 1003 

528 832 24 694 709 344 619 494 552 355 731 650 199 
520 263 333 348 192 881 420 1238 836 845 488 887 1203 
603 1098 484 1034 649 390 949 474 459 1200 591 553 672 
615 715 554 746 482 1011 410 545 720 776 728 1067 514 
856 839 792 717 245 -79 873 521 237 597 769 601 633 
462 418 153 755 382 343 460 1043 1495 643 721 787 753 
731 830 972 801 814 1100 842 579 381 333 866 779 131 
503 633 906 319 452 559 1021 595 453 556 749 598 868 
800 1011 439 536 875 436 455 482 1106 720 854 753 767 
874 914 664 425 537 640 95 572 530 284 957 -297 504 
727 711 689 786 427 815 881 704 398 752 547 189 923 
1092 539 1269 697 203 656 593 594 329 484 763 796 0 
415 485 334 42 165 776 520 558 873 486 532 332 786 

703 744 781 247 369 612 785 457 965 292 216 1169 766 
578 419 729 680 527 1052 781 443 138 539 177 -124 930 
637 1033 1266 1235 892 633 1221 691 560 695 731 1185 754 
559 1160 645 949 395 619 953 677 326 523 1006 875 800 
983 562 552 1003 802 707 333 690 1084 277 700 454 779 
752 523 803 549 593 410 631 1304 703 250 780 886 486 
671 395 664 528 916 818 718 1224 648 857 687 727 1270 
157 897 1038 440 888 940 540 1110 386 296 484 490 938 
535 695 229 801 478 1133 696 733 198 831 864 813 562 
271 642 563 864 -11 637 164 930 886 1077 439 415 801 
406 578 749 680 784 536 1179 349 680 1116 653 1121 983 
1025 716 722 765 686 258 786 584 213 648 1022 1016 637 
41 542 539 597 556 555 630 558 577 379 559 716 1540 

1178 1200 707 752 1010 1684 1018 821 809 731 1325 984 1187 
834 1099 615 1286 801 1302 785 898 1284 1015 344 1399 328 
978 832 779 1125 962 776 800 1177 854 554 1027 1102 1270 
847 611 1305 1145 12 1261 962 1008 495 1303 1316 674 689 
730 547 465 629 829 1061 759 1146 993 602 733 998 422 
590 898 1090 922 1047 838 1206 535 785 1456 799 916 1271 
1621 670 830 321 953 675 729 707 1178 273 1101 873 1093 
1405 932 1658 1426 458 397 906 1235 1009 1097 501 632 1182 
690 1396 840 1041 1028 541 632 843 768 1437 431 567 701 
600 393 1020 687 598 1023 633 579 613 892 820 646 987 
1453 1311 923 307 677 501 957 688 1137 502 1682 1309 815 
658 801 797 1257 1063 1341 867 -81 1175 863 1304 516 679 
487 790 1128 1334 1102 823 324 971 1543 1118 1177 666 971 

810 1356 1194 802 1042 1002 1095 1387 932 1111 1562 710 761 
1197 884 1067 854 953 1587 1203 795 1033 1446 1782 1277 1456 
914 760 902 1115 1273 1625 1100 1622 1568 1089 992 1152 1131 
1067 983 1733 1017 531 807 1247 1290 1295 1160 1315 1106 1203 
1404 1272 673 1200 1755 1111 1463 1905 555 1466 1057 1477 560 
1316 1166 782 2259 1768 1278 1121 659 822 965 1747 1387 567 
872 665 1800 1154 1144 1278 1760 1150 923 1177 945 1152 1073 
1319 1123 886 913 866 1157 1300 1437 1155 1132 1635 532 1483 
764 1730 1217 1353 1041 1042 1714 1701 806 1005 1188 1346 1021 
1198 1589 1204 1202 1195 604 809 1737 1336 1395 823 1010 1330 
743 911 1835 709 1588 1391 936 679 1306 1361 929 1306 1005 
1591 768 708 1019 1707 1698 1367 557 1118 1127 535 706 1217 
1145 1536 1524 1233 1193 987 1306 925 936 466 1395 634 682 

411 877 132 177 336 518 840 953 327 92 380 286 632 
-133 824 243 206 186 382 536 387 527 713 207 679 748 
252 1194 725 447 641 401 226 838 650 264 549 1066 704 
640 756 507 -84 93 700 755 670 55 441 497 574 449 
385 117 -367 615 291 446 319 567 694 360 785 478 271 
119 454 670 484 123 660 1139 156 622 913 569 735 483 
-81 286 657 926 490 442 789 797 750 -125 835 357 580 
273 750 930 139 886 737 778 630 172 1070 443 257 676 
778 772 -23 707 984 202 326 368 747 -25 435 617 711 
608 940 788 280 908 1406 287 858 498 235 968 604 191 
730 480 817 776 -367 534 768 543 30 567 524 202 770 
251 540 901 582 330 1089 560 963 813 955 908 918 743 
148 588 911 126 16 999 832 760 551 547 164 944 719 

558 1181 248 623 639 674 760 322 913 1011 622 821 833 
460 521 470 635 420 1111 934 1041 770 1143 -58 804 660 
443 1097 884 1080 1057 594 262 1019 823 1042 1019 1133 1326 
114 632 694 719 716 682 429 768 797 748 817 1419 506 
433 524 402 817 986 524 912 767 610 1112 492 553 496 
556 460 750 1333 119 1073 1071 650 465 858 1030 1035 777 
810 714 1115 626 797 472 999 555 960 854 963 456 813 
612 355 783 845 843 384 982 1155 514 966 1074 634 917 
537 960 279 1557 697 359 857 1054 66 1004 832 908 698 
389 269 745 611 499 808 953 640 952 493 322 554 736 
999 757 897 1542 796 640 1158 849 1329 496 666 803 1003 
486 992 1245 693 725 790 914 656 706 700 239 775 586 
508 713 940 350 461 231 257 550 669 477 995 1229 804 

726 1561 1290 1245 924 682 367 795 808 622 564 583 834 
918 800 774 755 1243 740 1086 1305 451 1078 464 614 907 
943 1028 1198 1431 1669 335 136 408 867 983 981 799 1348 
464 1184 887 1165 571 741 1031 682 963 1213 635 1752 869 
306 853 576 1000 1436 453 858 751 521 992 941 1009 782 
946 846 751 1065 1610 1308 807 1130 751 1052 749 928 210 
596 878 1431 774 1017 907 1093 1132 1257 679 1209 1253 987 
998 1210 1367 1072 1560 791 877 1140 734 234 780 830 1146 
810 1140 651 994 632 1340 1009 1425 339 1264 1170 1111 695 
784 440 549 543 1360 1211 697 1021 903 788 815 1498 1078 
746 1085 708 573 774 1068 602 1093 472 1137 1258 1447 1000 
663 425 971 1019 908 511 917 981 856 952 746 688 591 
935 1057 629 953 130 1165 738 607 853 467 1267 533 839 

546 1572 1416 969 879 1168 1207 894 874 1269 1266 833 733 
376 1516 910 1604 498 1395 870 1307 997 1296 1423 1253 1226 
1170 899 1287 1129 1116 1075 1161 1744 1265 937 1030 1100 868 
1429 973 927 705 679 1267 1147 1137 1315 727 1114 922 1019 
1481 1195 622 1170 1532 1107 1082 1126 749 1215 1218 1268 1015 
645 1206 1048 777 910 1015 910 603 1479 1203 1369 1184 808 
616 543 576 786 995 1140 1346 1411 609 442 1454 663 1714 
1110 1467 1311 934 1328 1647 1236 1302 553 1180 437 1261 1270 
1001 1607 943 800 550 1257 938 722 1054 1431 1226 621 1331 
1186 1639 1353 881 1080 905 1036 1531 1265 486 1066 1174 1802 
1711 1219 1114 1118 1442 1016 806 1310 603 989 1672 565 1143 
1369 757 1228 1189 818 812 1209 810 1414 990 1044 1481 1358 
693 852 975 861 1172 1359 674 1078 1214 210 1036 759 1201 

1300 1280 590 910 735 1058 1021 1068 501 853 1277 1656 1182 
544 1091 884 1098 1197 1020 982 1292 1304 845 820 647 547 
1339 755 957 1017 1068 843 1072 1246 1033 1225 990 981 1419 
832 743 930 1259 1016 968 1274 1116 1093 1086 835 872 745 
1315 881 981 1210 1652 1114 355 1216 1095 761 960 1078 1252 
992 730 1170 781 1137 1059 1227 986 602 942 1703 922 1013 
1156 793 804 648 958 728 898 1356 1217 881 891 959 1187 
1004 1169 1439 864 670 1527 1261 786 1565 1098 852 1036 1206 
951 833 870 1029 1025 905 1014 1458 1415 1122 1229 1056 1019 
1091 1140 946 937 774 1090 1217 1679 1303 1321 692 980 502 
1213 977 814 975 1263 782 1322 891 1656 1497 1167 1088 1214 
856 1207 804 1034 1010 1138 1060 713 1628 883 911 526 918 
1005 550 1058 1504 1415 796 733 1003 885 941 1241 613 1088 

253 672 114 -86 388 639 491 1074 1017 505 1091 606 709 
247 540 422 102 1093 770 521 70 152 356 362 514 757 
317 969 377 1016 453 171 984 560 244 732 287 623 1229 
1071 746 608 355 -72 603 506 609 509 484 729 322 389 
323 383 377 1046 631 548 173 467 720 278 141 1080 892 
138 496 136 1054 964 998 610 929 468 209 590 709 -20 
399 411 694 1006 315 198 885 610 255 96 375 395 755 
597 -207 562 435 -303 408 563 810 608 184 378 106 743 
62 17 208 501 258 168 425 962 455 716 624 963 -54 
560 275 390 484 416 234 41 341 630 574 426 866 807 
-95 1224 119 1169 -55 307 319 479 526 722 1041 777 457 
603 450 235 880 265 484 1032 290 568 252 244 2 1193 
481 453 888 513 79 533 359 348 374 903 530 544 356 

450 284 670 122 879 1101 687 673 1172 616 796 436 873 
242 730 1020 518 460 1051 864 514 1461 858 540 628 663 
760 969 954 722 1366 561 703 688 664 834 818 180 870 
827 226 342 735 630 573 733 740 788 833 926 1215 430 
389 331 396 649 193 422 267 676 352 624 621 531 433 
544 272 317 637 788 760 796 883 417 350 842 343 931 
673 699 1343 1309 712 838 413 448 578 363 698 215 636 
436 547 911 1040 887 855 751 318 684 438 658 453 658 
585 156 592 1494 722 785 939 1201 604 839 1241 1298 139 
1200 448 868 285 1324 609 785 -116 433 463 289 718 592 
591 835 848 485 826 622 188 1213 560 865 1021 1042 957 
86 591 823 485 916 707 726 441 1209 924 1030 725 1057 
918 921 848 739 171 352 444 601 1168 579 1221 580 973 

1321 1698 700 965 960 1598 1567 1121 550 1019 1019 811 1072 
1117 1250 1043 1055 1998 1264 1571 1421 1628 1684 987 1236 1503 
1854 1650 881 1903 1349 671 793 1475 1626 1304 1432 1137 1536 
1373 961 1022 1378 803 1397 1922 1162 592 1844 1184 1764 1639 
1544 1082 743 1902 1557 1054 1561 1929 1243 1193 1547 1329 1374 
1284 1128 1503 1328 1757 888 1172 1953 927 1346 1295 825 2006 
1581 531 1543 1340 1108 1812 1980 1262 978 954 1269 1110 1834 
1476 1240 1306 1328 1477 1065 668 1219 2231 1341 1041 1177 1634 
1819 895 1543 1226 888 826 1202 1490 2165 1282 1269 1345 890 
1775 1286 1475 1430 1319 1154 1229 542 1616 1111 940 1230 825 
1509 1411 1356 745 1480 876 1166 1159 1332 1350 1680 1325 1159 
816 801 1152 1851 1931 1805 1938 992 1458 1297 1456 1037 1307 
1412 1083 955 1343 1196 1570 1464 1129 1427 1057 1391 1284 833 

1090 1441 1304 939 940 965 1026 1063 858 658 477 1591 827 
1374 1356 844 1246 739 1262 1028 1147 1256 961 648 912 1526 
1067 761 727 1325 1576 998 700 992 1001 906 1094 1307 824 
926 841 1178 1249 733 1145 1040 1312 861 1607 945 1248 1484 
1158 336 683 784 1349 1030 1247 1462 362 1403 972 907 658 
1166 1430 1229 929 1235 1780 844 895 1304 1108 1179 1089 1045 
1317 1381 721 565 1216 1228 1282 1508 1755 1127 843 1125 1190 
833 1239 1116 814 1731 1384 872 1149 869 752 1046 950 1344 
1049 1229 891 1739 811 1319 979 987 893 1197 1111 786 1110 
923 714 1510 845 813 1171 482 1107 365 1108 890 1219 453 
1378 896 1501 796 1350 1318 1467 1119 417 714 1435 1155 1437 
1225 868 1382 1219 1246 846 1148 717 1279 1547 1274 1408 468 
535 804 714 545 1042 1501 549 1576 891 857 1389 792 1164 

120 1216 726 478 1059 1017 884 1139 835 737 375 669 1019 
652 420 707 1653 1148 1020 1427 1116 1366 1027 774 1149 982 
1221 478 1220 1251 1573 1225 1184 953 1182 952 449 1731 1248 
1255 523 859 909 639 1171 1317 784 964 987 1050 1127 959 
863 872 887 1425 1017 1300 973 1103 268 845 835 524 549 
512 537 1593 862 761 790 991 853 937 1023 1048 1151 626 
1462 632 1242 1182 950 1218 1262 1007 927 563 876 991 1098 
972 1120 1584 748 970 705 652 456 856 1505 1184 1633 1177 
1328 1195 516 1141 1192 778 611 1110 971 1043 807 699 372 
1357 272 589 527 970 1123 1096 1224 1177 269 835 749 1460 
1607 738 1142 1094 1105 698 850 1066 536 652 1338 1306 1224 
874 667 805 817 1266 1018 967 331 900 795 827 655 782 
1138 888 938 658 916 1137 346 991 1205 676 972 1421 1086 

895 1071 738 1164 789 1160 782 732 883 877 846 1315 924 
543 630 1435 707 1120 723 416 938 1050 1145 452 899 1253 
724 1180 1077 993 1012 741 370 671 1311 894 1218 901 1435 
91 906 961 1407 1037 582 389 720 568 889 790 1581 838 
754 713 905 979 1879 765 987 1138 868 1040 533 794 1014 
811 642 350 740 60 802 616 710 1157 699 1269 1338 1201 
1437 696 810 1117 1309 1036 919 1047 1338 1359 1172 860 1027 
404 639 1685 622 936 924 1230 1459 1100 813 1417 1363 851 
868 811 200 1291 615 741 1631 1387 506 504 1994 903 462 
531 1330 1216 957 1287 1366 1146 1085 1355 536 1353 837 982 
552 995 962 764 849 687 1298 922 658 1328 1068 1141 1383 
900 673 1048 851 728 941 1059 1221 709 469 813 585 1381 
504 619 1125 152 1040 984 679 498 735 1002 400 856 424 

501 549 811 1218 1061 900 689 342 501 766 629 600 364 
410 1012 651 1140 714 841 769 693 376 714 740 820 878 
1105 814 532 640 896 504 779 1114 947 1283 440 613 1160 
883 663 729 468 725 513 1420 879 890 668 780 993 872 
919 1088 1078 697 888 1190 866 1282 652 1241 636 755 353 
582 604 -72 700 742 467 665 1241 246 549 1233 666 587 
811 304 632 643 944 840 1026 744 540 805 1333 690 790 
678 706 545 833 532 909 414 1074 756 439 131 512 940 
1131 1286 979 823 597 1135 136 904 907 718 1229 719 605 
808 890 274 1349 734 701 1209 532 1092 719 688 1341 856 
1387 874 610 210 979 549 530 758 465 1525 935 885 1027 
922 855 842 877 654 853 665 530 1013 860 729 1145 1112 
933 871 890 975 939 1180 990 751 755 572 862 938 916 

999 361 928 1358 1208 1192 951 793 1109 1463 1227 1296 580 
1032 893 1217 1113 1264 651 636 1415 657 1969 747 1251 627 
1486 997 1187 1274 1147 1101 1126 1564 1914 1331 501 624 1188 
1135 817 1117 1219 892 805 984 639 1359 1471 786 1823 1531 
1112 877 1270 750 515 939 780 1028 725 657 879 1406 892 
1087 1202 971 803 1646 1276 1062 752 858 639 1140 1462 652 
1103 917 879 1141 552 1458 1180 1275 1251 506 1050 1230 932 
1031 1281 1407 1206 1497 1230 1125 1768 1728 793 1756 1437 551 
1391 1293 1074 1213 1175 1151 943 892 845 1211 860 369 1289 
1514 1037 1239 842 1295 1341 1151 657 759 1173 732 540 1176 
1586 839 782 534 1160 995 1186 802 798 696 1461 1157 1226 
887 501 1154 1234 909 1284 384 888 911 1141 868 1124 1123 
823 1193 622 462 671 1619 459 1022 1404 1121 1468 346 990 

135 1050 1350 243 1265 560 869 937 464 735 981 1167 912 
724 1209 703 1553 644 886 1613 1551 900 1317 1365 684 -24 
980 1349 523 995 1020 1290 941 628 1233 1077 546 921 890 
662 1134 404 976 615 1287 1314 1076 1574 745 1435 1734 889 
1708 1256 192 1102 1076 837 580 979 1319 752 1211 601 476 
942 730 1063 608 597 1197 1123 823 1040 752 1354 1094 642 
1300 928 1101 915 884 1222 1578 1263 229 1236 1258 1072 1127 
728 1380 892 555 1572 1072 946 1193 524 534 711 1525 960 
656 1188 1095 1403 910 1562 1225 1089 1138 1012 617 692 1262 
2084 722 1517 218 1319 1119 553 1107 1275 1388 693 1453 871 
963 708 1310 822 1090 497 625 779 710 1014 912 912 1460 
1001 1083 760 440 589 1222 1068 45 1100 702 1491 718 586 
1244 1730 1045 767 542 773 346 1129 916 720 793 809 1188 

376 1150 435 674 833 1708 1515 536 646 374 1144 811 1161 
710 1166 1138 932 410 1294 1038 1167 1563 1197 855 616 119 
587 435 575 1402 859 952 987 1357 1699 1056 575 1610 1728 
1046 767 1193 394 614 1206 1181 1201 1210 46 971 1423 1039 
809 1333 947 1105 809 1117 878 879 1228 1359 1597 709 1320 
260 813 1122 1095 879 823 1091 902 1404 418 1301 417 1170 
1076 1087 1441 1250 560 910 778 1202 978 1074 895 742 1422 
940 1085 1201 1069 1399 1101 836 882 940 700 722 566 1353 
1513 1058 1366 1527 1561 847 720 893 1278 1250 1211 1109 546 
1344 477 754 1239 833 412 1021 1310 1167 807 339 716 577 
1551 870 1522 1133 919 787 145 306 1083 511 1797 914 1573 
811 1165 525 947 969 747 738 532 1283 827 1007 1489 1107 
982 1156 992 874 645 951 716 1181 1065 1112 1182 1078 558 

846 1557 517 508 258 1530 1425 1112 566 164 800 632 1301 
763 894 573 292 393 -101 954 915 174 893 625 948 353 
815 1096 769 1141 979 906 298 532 659 613 735 630 750 
881 910 1194 506 968 627 607 822 759 814 894 821 615 
337 949 680 351 442 213 1137 1128 842 727 784 886 1457 
426 667 1359 1340 1493 651 780 445 1159 753 1255 1143 471 
988 542 1171 366 351 788 1548 573 1154 1147 279 416 590 
553 935 572 915 1363 1033 728 896 493 1219 1345 1150 694 
1130 829 1207 1110 871 863 541 599 23 1547 404 1085 1491 
681 957 923 279 329 925 588 584 920 926 541 414 981 
936 492 1261 1514 222 1192 280 833 400 455 1116 1069 324 
972 474 930 921 85 1059 962 244 645 676 1283 1031 866 
817 937 646 585 779 1273 538 1010 500 420 1089 894 1332 

1340 436 562 535 582 783 383 628 714 766 596 197 341 
438 840 663 474 390 1311 633 883 447 1310 -41 439 865 
23 575 562 825 507 438 823 848 582 402 965 653 1082 
1040 1164 691 624 818 956 986 550 795 1199 731 1150 757 
526 968 542 903 853 753 1296 645 1173 858 537 692 1001 
484 871 621 286 457 450 648 582 819 1270 493 530 1040 
1480 352 1014 927 420 1203 720 872 556 1023 674 436 555 
269 60 1061 721 676 147 414 783 460 504 806 600 1167 
642 1195 1253 1199 403 976 837 83 460 1051 792 361 -151 
1095 1185 996 1007 596 458 996 517 450 100 504 754 662 
1197 1400 934 -162 1014 992 501 465 429 603 582 658 1001 
396 689 785 547 705 607 932 658 1229 952 713 969 349 
455 1196 566 417 671 501 76 347 442 994 832 696 376 

978 1178 1118 1294 1613 1593 1132 947 1297 1000 907 608 1008 
684 840 1094 529 867 1030 684 1175 1246 1069 956 1382 1121 
784 947 995 1132 767 853 963 1155 1700 572 873 1009 843 
1141 931 1026 734 637 930 1175 1334 1194 1008 1088 567 914 
1140 1295 395 1556 863 982 928 1438 684 1289 943 917 832 
821 780 973 1632 1570 769 1523 926 882 857 985 872 520 
1027 1447 1270 1358 1228 365 1099 1170 805 1144 1277 358 1211 
1177 1137 898 719 613 1146 924 1210 945 581 1122 838 1441 
1014 956 546 1469 641 1059 911 1733 1318 1452 1117 844 497 
1626 751 518 755 1165 535 617 1051 1271 981 467 1084 1066 
710 913 1395 636 866 730 824 894 896 819 1163 1060 1534 
972 651 767 1415 1159 1553 1368 888 1258 654 1046 773 827 
843 634 1278 698 915 1000 1532 1268 1516 1139 1205 592 1130 

970 1374 1190 1329 1045 2011 1601 722 666 694 380 489 868 
694 1036 751 1767 1326 1361 1390 1490 1145 1019 1168 1148 715 
976 1413 683 1006 1433 1261 1314 1001 1318 1544 710 914 1334 
1593 961 1039 1127 1111 1582 1315 1474 865 1410 1210 1764 1165 
749 888 756 1325 1487 808 1406 1029 145 1681 990 763 1031 
557 672 731 780 2004 1302 970 1336 923 1455 1764 1520 1033 
1280 490 1293 1159 609 1111 1314 1295 1190 266 1185 663 1097 
713 1014 1488 1108 938 1182 693 1290 1297 1084 1091 1203 1790 
801 1261 1474 1464 550 896 735 1131 105 1618 832 962 1394 
1730 1402 972 694 1552 1797 906 1274 1887 1476 860 1287 1197 
1948 1150 1010 993 1400 1043 1059 1507 620 1110 1116 1005 1198 
888 1348 1489 1297 1282 1399 1748 643 1501 710 889 1111 1185 
867 499 1351 1468 1522 741 1002 1707 1319 950 762 1721 1179 

83 636 623 924 738 972 1156 813 245 467 440 127 570 
739 1135 986 1103 649 849 1064 833 1300 507 824 817 934 
924 1324 760 930 482 925 947 596 942 1012 949 678 1187 
433 973 846 874 305 915 1102 1443 914 435 905 1109 584 
1060 1082 964 1248 570 793 1044 318 924 992 1221 796 625 
930 374 547 183 592 680 1063 621 818 1047 953 1174 511 
1239 321 703 1388 370 563 1189 942 151 1183 648 750 449 
655 379 1117 595 887 1312 571 689 491 185 732 1659 1034 
579 1219 865 768 1118 1051 1032 737 535 645 971 1274 844 
934 441 772 729 1027 1122 418 661 1240 1223 616 593 752 
1179 905 924 1256 1051 336 487 760 -49 538 1007 456 1290 
876 523 1208 864 887 729 973 310 813 1084 497 486 1010 
1197 696 890 674 945 648 1129 546 374 982 1008 726 565 

883 1172 732 902 1070 988 789 1022 932 1034 901 753 621 
1154 982 830 1132 839 493 651 1460 677 685 766 1082 1068 
549 778 1033 1644 1441 834 1085 1247 1273 791 752 1225 1389 
1384 495 1356 587 911 246 1420 999 1374 1173 1021 1142 1137 
1335 740 622 1188 1049 629 585 1578 752 1083 679 858 794 
1027 817 811 1230 757 595 917 907 532 628 1168 953 718 
801 823 1085 945 944 912 1305 672 1110 844 985 1053 442 
1081 1339 1021 1357 1352 1151 802 1165 795 1229 859 823 1081 
916 1040 1125 783 259 867 1200 1911 1152 981 1663 891 928 
1333 1515 669 953 1018 1182 1286 907 1209 685 972 956 1538 
1192 926 905 466 576 778 1234 1009 1072 1711 875 293 1398 
1074 1040 1226 1040 763 865 525 995 1028 1127 1260 1054 1139 
642 844 1132 119 1212 1118 1114 1038 1054 976 1016 1304 481 

486 1104 938 1289 599 1249 1258 562 1047 1367 1568 1399 1425 
776 934 735 1524 1385 1109 1634 1458 1205 1220 1071 1347 1039 
1659 1303 1625 1415 1820 1037 667 1568 1752 1122 679 1696 1947 
1209 1224 1521 1038 475 1599 1058 1588 854 862 1263 1395 2446 
1954 1230 887 1423 1447 892 825 1623 1521 1013 1593 1040 1758 
578 1107 1183 1238 1287 1462 1733 1369 1350 859 1467 2065 1045 
1593 913 1527 1463 1291 1228 1663 1539 1027 1102 1244 1122 1183 
1373 1539 1627 1871 335 1634 710 1348 1430 1555 1391 1343 1457 
1065 1143 1142 1592 967 1781 1098 1009 1188 1120 1164 811 726 
1424 1166 1559 1044 1146 650 960 1184 1019 1137 714 865 1110 
1876 1241 1586 1652 1626 1157 875 1075 1084 1067 1815 1113 1691 
1442 1058 1186 1978 1364 1733 811 1365 1337 1194 601 1421 729 
1197 847 1231 826 594 1151 706 1094 1717 892 1044 1230 1124 

566 985 829 620 514 755 969 647 1363 814 928 752 689 
697 1490 237 694 853 849 902 1130 756 858 640 1217 717 
1297 987 836 856 1055 529 768 1187 368 589 896 1560 1340 
820 591 721 950 874 1274 1312 234 631 1423 745 1465 741 
862 785 661 600 654 685 885 1101 530 1032 914 838 909 
412 807 1326 873 880 534 663 599 857 1000 882 1143 981 
1162 453 1180 1050 644 495 1321 1428 930 399 786 705 1024 
1546 691 1100 854 879 1193 835 598 1157 1437 1068 1316 1253 
602 770 1183 1202 643 1229 712 927 527 355 1403 549 1168 
876 1020 1002 918 568 539 935 1214 925 841 794 989 409 
1079 1216 1048 1213 516 975 575 973 671 390 839 1112 857 
867 1030 1117 1343 734 804 1213 526 1306 1285 823 427 620 
1200 1050 568 1045 732 972 571 1233 1080 628 961 992 1406 

243 1099 67 931 936 628 577 773 780 1124 231 534 463 
523 129 140 1226 -32 669 1125 741 520 514 1055 633 609 
187 425 460 614 134 391 451 46 525 334 926 387 670 
284 687 284 385 774 716 968 1021 166 1208 638 476 786 
609 1085 119 506 922 632 353 541 554 864 87 802 103 
596 601 119 1312 526 -184 611 941 -144 1004 945 773 551 
474 -84 1202 468 813 156 451 349 497 784 494 571 552 
1281 461 619 595 540 1102 165 620 453 470 268 823 515 
280 1137 415 835 479 343 826 377 715 988 785 509 442 
445 697 962 299 452 -285 551 845 507 -80 -109 1091 807 
349 504 723 -86 719 301 227 982 924 329 152 305 830 
-272 1005 570 686 631 913 928 847 1149 181 548 260 713 
1286 532 1258 970 941 924 363 361 688 896 772 821 1127 

1011 713 454 249 916 1116 880 243 636 608 437 665 756 
765 1024 1100 529 1345 175 605 878 822 495 717 735 1216 
710 927 1140 881 970 387 270 724 1017 832 228 658 821 
934 61 976 847 289 539 457 1095 994 830 1114 1082 1125 
763 415 572 1101 726 385 968 1360 486 456 405 459 760 
536 764 906 1200 751 1110 615 458 86 239 1041 1116 254 
564 1426 1104 870 752 830 1166 185 777 417 504 885 642 
789 1014 954 787 592 218 531 847 885 700 1388 771 762 
754 1128 823 999 519 715 375 637 308 981 1034 187 534 
1080 277 490 885 663 1197 519 406 424 844 577 259 1512 
1006 723 956 219 643 929 532 694 850 723 1049 396 623 
218 204 370 572 1062 575 1025 255 816 542 945 492 1372 
735 292 1186 -605 919 343 1097 894 1102 627 824 1183 618 

561 1372 827 406 831 965 1073 1103 1286 888 309 802 461 
1065 703 911 580 87 636 1064 825 1130 1200 604 648 1177 
224 786 1377 816 1060 522 805 950 1215 1312 477 582 812 
1058 364 895 480 1219 595 1513 633 683 896 767 1448 634 
965 1142 948 855 891 676 242 1108 1272 646 472 1191 1195 
1176 857 1034 992 105 772 1211 -3 854 698 819 992 369 
919 1150 1298 647 709 630 969 746 583 1530 526 643 803 
515 853 692 475 849 1408 903 796 405 842 914 612 986 
1013 1183 725 813 608 1455 654 866 946 915 717 585 471 
836 1176 964 673 1007 440 814 1244 1136 1273 1064 973 242 
14 700 508 427 777 638 1123 906 702 792 312 783 1185 
1035 537 668 293 1050 862 682 934 964 443 555 935 1330 
1162 666 1000 839 1041 1065 466 278 314 768 495 703 1089 

847 889 33 1046 1119 786 680 423 999 444 1047 74 448 
642 1267 622 300 1319 821 963 919 628 1061 795 566 520 
368 347 910 850 218 829 1377 671 811 633 772 735 1255 
893 700 1194 1249 571 992 547 767 852 1067 1278 1250 750 
1109 839 457 915 754 518 731 987 304 769 893 881 905 
799 989 712 -43 803 681 830 1126 855 955 997 931 680 
898 672 515 652 137 916 856 495 335 881 1047 1216 402 
341 917 1308 745 357 783 713 1187 1036 448 873 913 1086 
614 1115 715 898 519 964 842 833 409 533 331 732 625 
879 1237 777 1051 1176 1227 816 688 372 701 867 506 561 
1108 525 704 362 964 1233 437 725 621 761 1792 565 624 
-20 357 676 581 1158 1113 893 1074 599 913 783 583 689 
1039 423 649 78 898 646 894 971 837 537 629 1389 221 

446 1049 333 499 842 444 457 1123 624 606 892 789 237 
659 893 457 717 883 914 874 1142 566 191 921 964 703 
558 819 974 1345 1486 895 1185 1376 1136 1099 1250 808 508 
1081 592 967 1323 365 634 879 1021 680 699 637 653 1422 
789 981 835 775 620 885 1160 559 720 1368 1001 607 608 
31 826 459 770 1270 683 987 856 593 714 1098 1191 771 
638 958 973 769 -47 342 767 1138 823 544 1106 942 113 
1111 893 941 1291 996 1032 683 1418 581 945 786 1184 1200 
1309 1107 1260 855 856 306 307 1025 992 638 620 691 702 
875 915 935 798 707 1141 1460 815 971 634 977 888 716 
670 941 1178 703 918 479 669 1081 831 528 1391 1118 1066 
545 166 839 24 771 801 888 460 727 1031 898 1844 757 
600 1244 173 1135 603 859 712 1118 1088 556 847 1711 385 

1127 1312 819 790 996 1012 967 1365 1113 804 1096 804 768 
331 1128 1057 1296 929 1618 1103 1107 1331 997 736 955 1335 
1232 1214 1350 1235 1179 1250 1428 1690 1345 1465 557 931 1521 
1658 1117 1033 1139 899 1078 1110 1174 1567 814 631 1465 1116 
1063 784 1012 1249 1541 1075 1291 1177 1309 733 1278 910 1502 
795 818 911 672 1101 511 1496 982 1453 890 1450 893 498 
1127 845 593 1245 551 1208 1141 1442 823 894 567 623 714 
618 1037 1165 1192 915 1677 1077 944 1308 782 701 1183 1249 
1259 1103 702 1220 793 1069 1305 1620 1328 1071 1046 1862 756 
1368 1397 1318 1439 1617 1119 1320 1186 1384 1212 914 1346 322 
840 1148 1061 876 649 1152 1041 1219 1021 1745 1796 1097 1721 
1452 1044 991 874 1091 641 1084 1190 1052 1354 1322 1843 1085 
719 672 953 1126 910 913 1038 922 1046 634 715 1141 1483 

859 1179 1247 856 901 1299 1264 1190 1337 733 755 1024 1374 
957 1002 915 730 1023 1390 976 1522 1200 1480 728 1176 219 
1082 974 1196 1402 1505 1093 914 1487 1121 1241 654 1587 1166 
1711 431 1638 555 1177 1382 770 883 1095 1312 565 1458 1415 
1085 588 644 940 1294 1297 1344 1195 953 1500 1022 1198 1097 
841 1181 1217 977 674 1129 1504 1147 1308 733 1648 1335 1079 
1118 424 1073 1248 940 1329 1446 799 1008 716 1251 658 972 
931 1125 988 1266 900 1205 1013 1576 1236 1647 943 1004 1315 
1483 1575 1338 1281 917 1161 946 1157 1577 919 1272 1080 853 
1227 737 1690 759 1099 1059 1428 1249 1487 1357 763 1161 1243 
1093 1379 1107 910 888 962 648 1276 1147 579 1292 804 1277 
970 1074 1420 1583 941 868 1356 795 606 793 850 974 1145 
656 857 655 366 858 1619 786 809 1102 1519 781 960 1057 

1155 870 896 1242 1526 548 807 401 1153 1113 1120 1065 935 
826 551 744 621 1302 336 817 1059 423 997 1096 789 1037 
995 695 499 1194 562 1035 950 448 698 846 1020 681 1280 
779 766 1378 1125 979 704 638 1049 1180 1497 355 1724 1278 
750 516 308 581 1001 705 1401 1253 663 1206 526 1259 1070 
490 700 923 951 1107 1298 997 1107 428 757 2063 1264 726 
930 871 779 1306 1090 1404 1978 1253 1255 1116 843 808 1222 
733 1007 1197 1347 1043 666 571 1558 1787 1651 1479 753 1175 
729 1538 1163 1223 748 1291 1108 965 937 940 608 982 531 
696 1162 1396 820 1679 670 1232 1211 302 905 409 1402 1143 
1880 691 415 1233 1338 1252 1233 1092 1012 1184 1025 610 883 
615 1413 1135 1300 963 1225 1333 678 1485 627 1274 647 1071 
745 716 1023 1053 1190 1108 1173 781 689 633 1235 871 366 

417 536 703 930 512 466 119 1138 655 773 609 698 166 
1232 657 1109 973 885 576 862 955 656 936 952 828 444 
1057 888 992 1070 1357 801 564 60 785 1116 690 789 988 
428 915 539 1500 553 1348 1683 1083 273 1108 755 1169 1340 
877 978 932 490 1206 512 293 1120 427 1251 642 809 60 
433 560 568 540 909 1386 1086 1245 523 859 753 1036 656 
951 789 1354 566 904 432 1086 1052 579 850 1297 757 669 
583 598 1305 1386 766 545 930 796 539 1122 864 985 557 
625 938 985 864 558 973 918 831 491 649 716 589 869 
820 1004 911 397 714 885 863 736 668 686 901 464 661 
1076 778 -32 1117 1268 792 667 1297 1154 1029 519 554 716 
749 366 652 1076 1001 326 717 350 646 736 775 615 1449 
403 694 671 898 580 1133 777 570 1026 15 951 859 925 

179 692 613 425 493 1259 1154 535 356 261 769 1139 804 
1024 1354 954 481 380 714 1393 1233 673 928 593 1023 1203 
583 1209 928 1227 1407 1072 537 825 1380 1024 682 1231 841 
544 905 1032 1020 402 1006 1453 1374 61 1266 886 1299 1183 
574 263 1050 992 520 322 892 902 1178 768 889 1225 1026 
1070 385 973 891 998 1308 1523 454 1023 1086 1062 1528 987 
1035 749 1760 151 961 295 966 642 750 900 1347 1206 1475 
1143 977 1068 1115 1402 739 885 898 923 963 1094 1406 495 
1425 1258 837 1569 839 1245 922 1157 732 732 729 837 800 
873 317 1352 1085 708 841 859 551 458 1231 935 947 948 
1195 872 1232 1397 1407 766 1370 1139 1101 -23 906 1016 1388 
697 676 605 933 1325 1287 854 716 649 876 1009 830 963 
1096 1112 918 852 1503 859 1041 1422 885 1268 1571 1064 1435 

301 948 1157 811 502 961 991 213 948 743 216 1172 1043 
399 440 712 949 704 968 914 1200 1345 534 1227 820 918 
849 633 1140 558 1166 725 761 1371 810 975 332 1062 745 
483 251 1541 1129 306 412 921 1001 543 315 1292 454 826 
609 268 499 1074 1350 1351 968 863 692 1179 923 1170 945 
639 820 270 1682 1040 607 1314 503 880 233 981 834 775 
633 917 850 675 1125 192 260 1534 1069 566 781 385 751 
985 1075 666 1212 879 940 741 989 948 1286 998 934 698 
840 815 885 1097 1070 713 525 967 745 669 642 712 734 
771 460 768 614 1296 1195 896 1343 1083 588 837 728 1453 
988 1142 968 1071 829 733 473 946 1095 690 877 614 1221 
1243 701 919 680 1067 1129 764 695 1022 865 1099 1477 638 
598 656 1202 753 834 1496 1305 1042 553 417 814 917 712 

567 1110 1136 1187 941 814 1114 263 613 1199 675 654 607 
1167 651 1403 647 1308 1070 379 697 778 671 1342 741 1201 
1008 698 1274 620 922 715 1461 943 857 1158 1156 509 822 
1457 1347 445 778 791 1100 1514 722 640 692 871 1023 1052 
1171 868 802 877 1059 668 1043 1167 831 577 855 213 1167 
562 286 1100 867 802 734 709 731 962 755 1013 1129 442 
919 1217 792 877 998 923 975 437 1041 609 836 640 863 
660 1153 1478 1046 1223 935 956 1197 402 782 796 576 863 
624 707 824 1197 -248 348 1062 876 602 666 1106 591 570 
921 1121 1312 680 1137 769 701 664 738 843 664 1340 1052 
1128 854 989 589 515 1058 413 635 304 1204 1211 1109 1463 
1243 459 333 1102 1075 733 1431 524 1267 1241 851 1061 440 
393 512 1023 886 1229 858 1185 816 1255 828 891 1362 483 

810 795 -154 976 545 453 639 1590 512 581 601 882 774 
1342 312 708 862 1065 1345 1369 1128 850 1151 326 1181 1607 
644 410 1019 1184 1347 1110 862 692 802 661 200 881 1073 
1453 1357 1095 888 915 790 766 793 892 1137 1254 1060 1220 
706 547 887 1223 1216 588 802 1009 865 751 1022 1085 1141 
409 743 128 1340 843 1018 1151 1244 1215 591 892 1314 786 
1287 988 1140 965 870 851 1036 992 1323 784 485 1047 1085 
572 829 968 664 722 838 716 1428 695 975 1221 1277 554 
593 797 1149 596 559 382 1186 1212 888 1176 967 960 678 
694 649 978 993 983 808 1369 421 1239 801 352 1122 638 
945 718 846 367 723 754 1230 1017 1086 1204 709 1116 1003 
929 694 1113 1097 791 1500 486 1333 934 246 684 1107 678 
759 231 1356 174 704 765 818 646 936 866 525 1248 788 

1183 1276 926 838 896 1597 1114 774 1413 1149 1048 958 873 
757 1147 589 871 747 1132 1254 779 1101 1712 780 1280 719 
142 1483 1527 858 1468 891 914 1330 1131 908 1081 941 785 
1169 957 1091 881 975 753 847 1084 1282 1089 1551 1204 1124 
1049 807 291 1184 1600 1192 816 974 616 1020 1043 927 1074 
1112 873 1217 1646 757 288 611 518 988 683 1101 1049 1152 
840 657 1107 1614 565 1164 330 920 1110 382 875 669 903 
767 1035 1738 1299 1104 1058 480 1066 816 492 1429 1581 1376 
745 1167 1173 1106 1372 1791 1231 871 999 1427 520 1617 668 
1176 1161 1328 892 1233 903 877 1592 811 943 678 1117 983 
1118 1177 1815 626 1024 1291 973 978 929 1284 1902 877 985 
1198 882 385 1241 1073 784 1046 295 1639 1073 869 1151 712 
61 657 893 553 1155 574 1185 747 1390 789 1051 833 723 

1051 1166 1210 892 1036 1554 1256 733 1388 1086 73 953 1011 
1723 1604 1527 2062 1047 1542 1169 1189 1108 1176 1067 837 1526 
1280 979 1227 1415 783 755 995 985 1533 1088 682 560 929 
1649 1397 1059 600 950 648 1358 604 1647 1237 859 1406 1046 
906 1192 1237 873 1139 1240 621 1297 624 912 893 520 933 
886 1031 849 1493 1202 638 1236 718 1012 217 783 1151 405 
791 1156 1178 1061 464 1355 1622 1028 448 562 1071 780 897 
1135 1396 732 1634 1043 1132 998 1414 985 747 1228 1000 1574 
692 1408 384 1045 829 1860 1131 948 720 1473 663 975 872 
1408 1649 1062 1121 1456 1212 242 1393 1163 964 886 1111 718 
1228 1164 901 871 1398 1337 602 1267 676 854 1779 948 1107 
1452 766 530 977 888 1022 1236 1130 1657 875 1768 1160 840 
1339 1162 1070 1002 974 1460 1059 769 1190 46 1197 1008 1066 

737 1127 709 999 1337 1508 1366 1085 770 653 1011 430 1119 
217 549 759 424 349 978 791 1197 563 1310 600 1325 1172 
1066 1033 1700 1007 1141 1333 798 1268 977 950 1212 1151 1349 
1246 741 851 825 875 1028 1166 1376 795 1643 1216 964 1248 
712 733 730 366 1656 953 429 879 1290 980 1051 1571 1130 
922 667 1001 638 342 755 831 682 1498 923 1316 1402 858 
991 854 1179 1009 1194 1029 1018 1406 1362 638 842 989 1048 
1097 910 1591 1214 1140 1240 983 1399 1141 554 976 911 1151 
1329 984 1363 670 926 742 1366 861 1460 808 1085 1155 696 
699 892 1119 179 521 705 1231 1283 810 859 707 923 72 
920 1015 1082 1065 738 1212 632 1218 1395 1171 1450 1112 1435 
591 922 1164 1553 1033 740 871 612 940 1213 1046 1129 653 
419 894 740 615 706 1287 1202 733 1535 644 1507 1237 643 

628 1067 786 977 887 663 580 1164 1020 735 1249 1077 890 
1203 1334 1265 615 1052 919 771 1183 917 1561 989 1202 956 
935 1214 1287 949 1224 1184 1347 1275 1233 778 1090 1015 1656 
954 998 1253 1124 426 1912 1147 1392 1148 1366 990 1353 942 
1003 993 1471 998 1038 930 645 1569 1281 1663 942 1258 1055 
692 554 970 945 845 1209 1668 1434 964 494 1416 952 744 
1272 907 930 845 1190 960 1824 1224 695 1421 1173 967 879 
854 1216 1062 1409 573 1793 1054 1375 656 1411 1249 1354 858 
628 822 1499 1313 1034 960 1249 892 953 454 1111 1191 567 
958 906 1485 678 866 1107 512 950 792 875 1154 1333 1443 
1426 1501 1157 932 1382 1249 978 553 851 1148 1226 758 753 
1064 966 933 1089 1267 1064 1552 958 1305 1357 790 429 1114 
547 642 1138 566 972 758 1083 774 945 1205 697 1192 1080 

1082 1164 1052 992 810 1119 2146 1444 1645 830 1061 1033 1513 
1747 1812 1329 1152 1371 586 1242 1568 1473 1221 911 1310 860 
1789 1177 1641 1762 1651 1061 1144 1183 1327 1232 1422 1776 1008 
935 1260 1549 1277 1435 1609 1148 1781 1222 1471 1387 2093 1413 
857 1463 996 1979 1481 1109 1147 1712 1100 1374 744 1011 883 
1147 815 1429 1598 1310 1503 1828 1530 1591 1619 2012 1421 1222 
1771 1472 2115 1512 1770 1638 1869 1214 1224 890 1333 967 1657 
1606 1939 1390 1571 1955 1995 1971 1608 839 1346 1548 1586 1443 
1263 1952 1007 2071 1108 1568 2302 1071 1104 1442 2037 1325 1903 
980 1191 692 1236 977 1532 640 1450 1578 801 1246 1427 1120 
1792 1952 1759 2077 1485 1337 1312 577 673 797 954 1608 1767 
1648 1523 1471 1083 1455 1209 1631 1210 1393 1193 1077 1573 1018 
1202 1366 915 741 810 1867 845 1773 1388 1155 1304 1554 1349 

332 658 409 269 -49 143 1052 903 80 202 624 661 218 
200 -459 282 -65 472 673 280 834 373 850 587 -66 -12 
605 269 519 589 577 239 554 1204 220 735 343 298 402 
630 764 1138 684 225 566 618 -23 334 705 168 513 -156 
730 333 225 896 975 379 610 370 1081 730 450 1098 595 
578 662 770 240 954 670 589 321 1177 342 1316 663 58 
470 507 519 470 566 577 453 1203 629 154 400 636 500 
341 704 844 420 674 752 553 610 779 673 -14 687 811 
1008 623 964 53 833 822 436 50 463 603 -297 211 643 
777 737 513 698 338 226 488 619 -410 674 166 76 699 
504 475 451 498 1370 636 535 110 790 622 1170 -452 67 
614 429 530 374 386 1024 717 497 243 770 699 1016 321 
861 562 700 782 1025 1285 -36 -11 464 245 443 193 486 

538 1441 707 971 435 1102 918 608 580 175 706 1144 489 
562 1683 818 604 1288 727 268 1223 1237 1239 643 627 688 
1299 787 869 696 1311 990 866 750 700 611 268 813 557 
591 1066 881 732 331 798 966 970 892 555 1260 665 906 
982 608 541 825 1200 399 1248 800 681 920 1090 312 475 
1225 753 178 668 1775 315 1332 765 530 1079 909 1007 1201 
628 462 718 1263 430 969 805 1032 1635 800 1010 581 523 
585 916 817 1246 943 1022 787 826 799 412 382 1066 815 
1350 835 351 1170 627 494 416 1255 817 559 586 626 388 
684 1035 744 859 1194 940 751 756 984 847 721 778 707 
687 1061 1092 597 650 484 710 799 778 577 1325 1419 1156 
300 874 744 823 984 888 611 694 913 574 843 740 1014 
721 828 1137 94 569 646 1164 1608 738 637 1058 617 231 

958 1729 848 1094 1170 668 859 620 1212 903 1123 820 317 
691 996 410 637 697 857 654 1181 574 1168 83 1161 360 
807 437 1255 671 650 960 750 1049 1250 1090 809 714 1112 
1029 1136 778 1196 656 663 371 858 471 1202 1115 1018 1174 
1332 474 959 830 1449 832 625 1040 489 1647 516 424 583 
720 395 1076 1459 1021 664 755 1135 330 762 1308 546 977 
700 671 818 645 846 1092 1826 1537 1263 727 1153 790 799 
1243 1553 1144 559 821 1137 511 898 1126 954 1154 1085 666 
870 611 991 753 697 1144 531 1154 689 781 1412 747 438 
948 981 1037 685 1336 1003 662 1264 1132 457 191 932 999 
1166 769 1221 709 801 2029 1183 1142 829 1168 580 877 881 
1078 962 1160 1288 883 524 1292 696 1095 899 903 577 173 
383 430 825 694 658 1169 1609 803 863 817 921 713 1261 

754 640 977 815 1071 861 868 518 989 713 604 1373 944 
586 578 1237 1266 874 1243 1029 904 1156 646 973 1338 1359 
1065 734 703 881 1547 746 1060 317 828 750 844 1030 1199 
786 933 706 998 468 1908 850 821 1067 1292 751 975 1065 
773 756 745 740 971 1087 697 642 614 502 436 1150 997 
900 754 796 892 848 971 997 1069 966 803 920 655 983 
1043 1023 733 -65 844 916 998 1276 698 677 1064 1560 792 
1630 454 1431 677 669 874 738 1313 677 778 1024 785 1147 
121 285 1123 1547 645 687 1000 915 697 712 1187 676 727 
1061 867 463 1411 621 961 724 933 941 743 873 766 855 
1092 819 689 888 788 1238 650 883 1201 939 1090 1017 1118 
996 774 485 1323 469 786 1617 752 716 519 990 840 613 
901 626 998 627 1194 717 -59 1327 1693 986 708 764 619 

797 1177 546 991 739 448 510 1317 586 656 621 1093 950 
345 544 1070 905 479 521 897 884 851 1279 1309 752 941 
837 769 1043 957 1029 375 635 414 599 842 689 471 824 
988 574 967 662 760 268 782 712 1164 369 779 665 917 
889 1035 538 580 1559 611 1587 558 615 762 817 721 695 
627 789 769 1189 876 534 716 1256 683 916 533 1042 863 
323 1297 867 1271 472 1004 1217 1267 890 550 797 611 923 
1034 1260 614 634 1184 1144 214 750 779 1026 961 603 826 
656 992 1109 625 1147 712 332 780 855 763 863 168 558 
1588 711 329 374 1473 518 453 787 1274 879 652 989 828 
1659 776 981 669 768 658 808 954 930 707 883 768 1197 
780 909 598 1449 381 1367 755 331 812 112 1562 829 1114 
1145 647 963 307 669 963 909 837 490 649 1211 624 694 

1350 1167 1401 1441 1303 1293 1312 1032 1323 1267 1137 979 1293 
1403 1588 1742 1779 1096 1777 1354 1556 1248 892 1271 1443 984 
1500 1129 1718 1391 1533 1337 1340 880 1205 1707 928 1636 1711 
1176 1561 991 1514 1551 1709 1992 1272 1508 1551 1290 1862 1424 
725 1276 837 1111 1696 1295 919 1375 1269 966 1093 972 1179 
1250 1040 1410 1111 1719 1396 1131 1514 1127 685 1513 1685 1333 
1664 1427 1265 1025 851 1140 1473 1359 1452 1302 1034 1631 1187 
609 1567 1974 1480 1463 1865 844 1733 907 1527 2010 1420 1304 
982 907 1107 2190 919 1285 1055 1175 812 998 1084 1573 1500 
1879 1358 1376 1283 1407 1497 1179 575 1256 1534 1206 1420 1129 
1950 1401 1284 878 1146 1199 1018 1053 1409 1095 1576 1564 1791 
1913 1121 1320 991 1840 1108 1564 1086 1238 693 1342 1667 1633 
1070 970 924 1052 1276 1233 1675 1377 1887 1393 1019 1950 1150 

-82 1339 952 1023 1027 1061 1078 1084 663 1200 1188 1149 347 
676 974 924 799 718 1234 1238 1385 1565 1288 988 1363 1633 
1193 431 1340 1499 1101 539 685 1240 1436 950 686 1227 872 
737 897 718 693 -1 989 1003 1180 862 830 1371 674 1331 
259 723 788 852 1817 874 708 1200 919 1163 848 922 690 
925 749 988 937 1028 443 678 1195 1447 1500 1327 1066 1182 
992 670 1308 1419 930 1027 1639 646 1506 459 1015 708 945 
1177 888 1437 941 700 1536 1166 1342 932 1130 841 1224 1022 
1037 1196 1237 1159 712 527 1015 950 1498 915 677 894 959 
1083 1045 1045 998 1538 938 1218 1009 1692 338 1022 1512 589 
981 1495 890 1007 968 1181 1163 417 385 1227 1395 953 1256 
1196 293 991 1912 1589 1156 1118 812 1112 921 1025 1226 1121 
508 165 792 824 875 1298 599 1168 1325 955 613 1420 818 

1070 912 1278 691 682 701 543 1124 707 164 287 751 613 
719 1241 792 811 1122 972 934 1053 20 929 827 1175 850 
574 455 923 924 814 808 823 1232 685 730 1024 889 983 
1410 -118 792 650 893 997 1229 1068 1221 1369 1113 1223 941 
784 473 710 617 962 896 742 1048 619 434 923 1166 1069 
729 1027 833 829 624 688 1274 660 495 357 745 930 559 
811 658 709 611 781 654 1013 539 843 1050 711 1123 1591 
515 1388 765 1056 987 1219 690 1171 248 799 1281 1138 312 
538 1064 995 1213 268 772 687 638 505 350 392 978 1238 
354 788 1548 378 640 799 378 684 644 913 477 887 1574 
863 857 1606 219 765 682 617 1015 752 902 745 866 1559 
1026 990 808 658 920 735 785 551 951 772 1071 1324 1156 
620 779 631 97 845 478 996 1126 528 735 869 1061 1223 

650 291 515 219 840 1062 571 247 310 499 899 717 634 
603 227 1216 770 154 264 871 559 502 230 359 843 788 
863 405 171 948 685 680 -2 592 1494 376 416 509 1096 
581 825 681 1158 429 599 1229 33 712 744 1092 1114 941 
828 260 800 725 1115 686 797 953 435 656 627 781 615 
195 707 -56 1249 879 524 821 451 712 400 579 143 829 
731 609 414 337 311 1059 963 709 248 202 431 421 397 
858 927 811 1081 979 775 619 911 750 345 686 647 673 
329 335 709 392 367 77 441 578 228 139 1053 874 485 
834 397 668 791 1335 685 555 272 711 389 802 1030 309 
685 1127 700 649 739 509 1131 313 269 886 705 466 474 
1218 268 303 220 -24 1154 739 542 478 740 1009 604 1420 
385 843 1768 661 690 794 630 272 814 637 784 792 484 

620 1154 1018 1443 705 1115 943 744 705 590 1084 1495 456 
202 1149 406 1192 932 913 1190 1653 1205 811 1098 998 502 
1128 655 1359 771 687 574 940 1102 729 728 983 1196 1730 
1166 1073 657 778 1064 1061 857 650 626 774 1208 1217 901 
1016 1342 456 682 1452 1043 1111 665 424 445 933 1113 765 
462 521 387 673 957 677 979 629 960 815 1077 868 1010 
1093 645 515 899 723 1084 1099 1587 822 736 808 658 1109 
704 690 1569 858 1078 1040 715 623 900 461 846 1899 1292 
488 927 1058 518 509 970 658 319 1072 1187 1175 923 895 
1039 840 824 907 1465 734 1548 871 731 478 454 579 790 
1327 1310 1524 593 481 950 1231 685 983 1131 1207 1084 1124 
1051 1055 949 1266 357 1055 1182 286 1584 1201 784 1559 673 
1100 720 905 442 729 646 1044 597 1282 593 1051 1203 1512 

469 599 1049 866 938 845 629 941 933 999 887 537 1148 
791 1011 1260 953 590 1633 906 696 1292 786 929 1037 1030 
1139 1100 928 906 1312 1058 790 806 1658 1082 393 989 1041 
1210 1629 852 861 444 1521 675 1505 438 1080 944 997 1124 
871 869 256 938 1135 778 989 1149 523 1207 879 1127 272 
231 529 332 964 1452 494 939 1046 517 1308 887 808 905 
1048 391 712 733 1246 717 1641 917 887 407 1390 862 907 
1286 275 875 1407 665 568 163 759 1065 838 924 688 1045 
814 1003 940 1671 618 892 1313 935 198 1336 1249 1148 670 
971 1047 847 939 799 518 515 471 698 422 596 986 206 
1476 1365 1047 882 1422 1024 1048 664 745 777 1160 950 885 
1150 926 566 1171 1208 812 856 455 1214 958 619 1254 459 
456 719 874 1024 973 992 1062 1039 1350 709 794 902 1126 

927 1361 1346 544 745 777 906 245 916 678 709 872 994 
760 1481 593 1715 -47 1012 514 1305 533 1430 452 830 591 
983 846 1706 979 1263 691 464 859 1127 1219 350 1092 1249 
1074 1141 680 844 873 903 1418 1196 997 894 1151 1248 1448 
1139 845 498 238 1242 897 525 1182 1451 1017 1134 748 599 
1125 844 1019 1202 967 713 813 786 842 418 785 556 1182 
605 423 1103 921 1243 1138 1203 1075 881 919 1211 752 925 
917 1017 1304 778 1284 1707 690 1085 548 900 604 828 1313 
1367 634 1167 939 984 673 498 1115 949 657 1086 589 900 
1364 925 858 670 887 502 831 852 1262 910 1022 1337 1077 
1078 803 951 674 1081 1427 583 910 922 1105 1403 1309 857 
875 425 848 788 814 433 1467 645 1049 1560 735 1405 924 
652 777 1013 646 1022 1182 819 891 1443 790 1036 895 1116 

960 1236 1011 738 1221 916 1466 675 1110 907 867 938 1065 
1504 1081 954 1326 727 1421 1337 1207 995 1800 525 848 868 
1001 1239 1151 998 1074 601 1099 1192 1484 1182 532 1314 1609 
1155 1371 784 1173 1027 1192 1175 1077 582 1306 1228 1441 853 
977 1115 1126 1778 704 1087 616 1143 1260 1694 1694 956 936 
712 1474 1126 687 1582 760 1161 1448 1408 792 755 1205 1432 
1567 583 1354 1238 1302 1058 1423 1342 1674 821 1142 982 780 
1510 1187 1493 824 1098 1095 896 1394 1644 211 1356 1003 1148 
2015 1000 851 1550 790 1152 658 1289 1152 1001 1657 939 943 
1577 1221 805 672 993 869 789 613 562 1264 637 711 80 
1139 714 1255 803 412 879 1486 659 884 899 1081 1085 1116 
1399 106 1146 1387 1096 1469 1254 1290 1308 1181 960 998 414 
1089 1040 611 754 836 1183 607 828 1520 628 1109 1206 1450 

881 984 780 1082 378 1023 804 1075 1125 937 1076 929 897 
831 1073 784 625 621 855 441 757 814 1233 593 1490 934 
625 759 973 1243 1319 1047 1245 1280 720 693 412 872 831 
952 81 1380 457 1059 148 751 1273 731 625 901 730 1315 
908 932 604 1011 1214 1200 1017 1033 133 440 931 1136 1199 
729 905 546 1051 980 987 724 803 262 195 892 1555 1148 
824 658 1124 1098 715 1021 1070 939 1462 797 1397 508 516 
775 597 1123 802 213 543 286 942 694 937 993 688 1517 
919 962 868 1186 434 708 897 984 1200 725 1614 1144 718 
947 313 622 1070 1278 381 522 628 1313 614 687 863 1172 
1178 403 983 868 291 361 687 717 723 477 872 1145 1243 
637 1198 790 1146 871 578 1163 307 842 660 847 389 509 
1138 874 463 593 1490 1104 952 1187 999 1029 856 595 309 

905 1371 808 565 1102 719 1285 981 1349 1176 783 966 1727 
494 1035 838 725 464 1084 1018 896 1023 807 1365 921 618 
390 863 1063 1370 1186 1106 1228 739 1468 1017 1446 1394 1209 
986 679 1835 387 992 997 870 930 504 563 791 642 1132 
617 1139 976 895 1289 1309 1316 1439 1144 1262 994 997 1082 
327 914 1384 1174 1606 661 569 686 901 836 1156 831 795 
1384 1303 1546 927 606 204 1612 724 1204 1178 1352 294 1044 
1002 1144 1150 969 982 1187 954 1111 454 1519 1533 829 1338 
1307 862 963 1615 939 639 839 1368 1338 1405 859 926 1074 
1107 1013 925 342 142 982 885 1304 1306 1030 1188 821 1433 
1483 1646 1600 900 1040 1012 505 1091 652 1017 733 872 1172 
854 1020 945 1056 550 752 1004 469 810 1058 727 821 702 
803 816 860 1249 798 1342 872 1546 742 957 1140 1105 1119 

379 1136 709 1112 1074 1379 715 927 719 998 932 636 1175 
624 1426 1137 1230 1680 1144 1013 1362 818 895 651 500 787 
1143 879 863 986 914 1316 1007 1213 1248 971 842 1407 1194 
487 1026 1299 1493 776 1064 1062 1085 1544 1280 933 1347 1619 
1407 1107 1546 969 1294 1253 957 1104 1349 1664 1579 845 713 
1126 723 971 944 635 972 1177 296 860 753 1460 1347 1177 
1524 879 1275 1335 908 905 1202 1332 1199 1469 1465 1033 584 
1193 1162 1116 1343 922 1323 1280 1697 842 859 527 1117 1309 
797 638 1031 1323 1118 1588 1560 1065 1231 1186 1111 1190 647 
1283 1061 1528 1110 847 756 1482 1086 1109 977 565 1033 756 
1080 1623 876 907 1563 1030 804 1540 734 910 1043 1080 1138 
849 1220 840 607 1281 1785 712 965 1149 1064 1126 797 1099 
1057 1193 1083 1390 894 1247 267 922 1128 696 1568 1319 847 

901 1295 1343 1455 904 1871 1354 913 1185 977 1483 538 968 
948 1185 1940 1390 1297 1260 901 1216 1205 1119 1655 953 897 
1630 1191 1499 1114 1475 1552 922 1199 1494 1393 852 1226 1624 
627 945 1686 1026 531 1223 840 1640 699 1144 1464 696 1445 
1384 874 988 1337 1566 955 1142 1761 1636 1323 780 1613 1238 
794 330 1054 791 1389 667 1104 990 1609 1643 1130 1647 770 
1152 832 628 1185 974 1172 1823 1189 782 1005 1406 1394 1707 
868 1373 1589 1660 1130 1219 1444 1626 926 1415 1525 1282 1430 
1217 761 854 924 1075 1251 1232 1538 646 1436 1388 1473 1218 
1414 1842 911 1484 1127 1776 1304 1397 1535 1183 590 1173 1705 
1440 1752 754 694 1759 1576 1206 1424 989 1823 1071 1525 1126 
1099 939 1009 1070 1279 1631 697 1064 1687 1195 1326 1057 1293 
773 687 1228 634 1273 1288 1025 1179 1673 1040 929 1231 1223 

254 574 370 184 -5 614 -3 848 125 -199 129 509 -67 
338 459 597 254 621 529 904 702 465 185 380 394 500 
566 211 115 276 876 499 -114 332 196 606 324 337 486 
284 1022 48 453 808 670 448 186 484 1221 694 693 571 
404 745 554 352 541 387 236 78 215 -226 682 580 205 
120 234 546 626 496 247 594 670 56 316 806 451 194 
431 354 619 688 -8 609 459 985 120 41 519 362 397 
580 -76 507 405 918 474 724 171 150 355 360 811 613 
278 443 673 284 336 439 -102 513 292 -8 434 585 260 
895 495 542 1047 721 338 837 295 158 245 172 1124 694 
141 609 596 681 -128 247 -111 247 517 511 930 95 246 
59 204 -145 552 631 102 660 490 579 284 786 707 221 
836 671 313 412 229 770 128 600 198 11 630 299 424 

1187 1474 1099 1113 586 1361 694 772 1079 1116 894 923 1047 
832 887 1014 937 920 837 659 1190 655 887 1448 1098 950 
1151 753 1051 937 1208 1566 1192 1098 1280 1937 1140 882 1460 
547 1442 555 1263 1218 1502 627 1015 1092 1195 877 1217 1752 
1034 615 976 1041 1318 1158 1633 1121 1024 1813 912 821 1132 
752 896 1303 1713 1270 615 1306 1626 776 909 1125 1125 748 
1181 1302 951 889 1124 931 1610 1210 1262 1159 1329 965 1467 
1274 1639 1403 928 1625 2108 701 1825 613 910 1768 1494 632 
1109 503 936 1859 1476 1076 906 1067 855 1407 1248 562 725 
1160 740 1084 934 1252 1184 956 1064 862 1287 794 913 781 
1527 1061 1067 902 1359 1536 720 1053 1110 1080 1035 1166 1153 
1139 758 901 1309 1182 1275 1357 875 1430 827 907 1180 872 
258 461 886 766 640 1312 1276 1355 1105 700 1152 1044 1267 

1067 984 1197 971 1430 1367 1149 1068 789 637 715 1124 1547 
767 951 1120 768 1379 1027 1389 1204 1080 1316 1150 1029 1231 
1360 1322 1351 827 1294 1122 562 1495 1903 791 677 1178 1887 
1038 539 1409 863 680 1055 961 957 1274 1645 1034 1474 1239 
641 791 1271 1184 1546 1122 915 1145 843 1243 1301 1205 949 
1208 222 1489 1143 1335 833 1055 860 989 882 1003 1323 444 
1087 1157 1341 701 990 859 1440 1279 1438 1051 1172 678 1191 
495 518 1069 945 660 848 1535 794 1192 1048 1548 1511 1335 
994 645 859 990 1225 1546 1373 1720 1311 877 1545 690 1296 
1547 966 1168 760 966 920 1668 905 1256 859 737 1105 939 
1299 1427 1480 616 880 749 1015 857 631 812 1116 1196 1051 
1195 796 1010 822 1384 1345 810 824 1223 1071 1048 604 877 
881 966 1294 741 1017 1215 933 930 975 1246 956 882 1215 

1203 1384 294 330 1133 1773 1058 864 1118 912 490 646 1276 
992 1359 1101 1431 1198 834 1536 1588 1313 1045 1192 1739 1619 
1368 1117 1128 1171 486 983 1620 1223 1736 1392 553 1335 1461 
832 966 715 992 609 733 1356 1419 1044 1659 864 1402 1501 
1254 645 909 944 868 806 890 1001 603 1060 1203 993 1169 
167 427 1040 1380 476 1314 714 884 336 1347 2068 1079 151 
1580 716 1411 1698 1193 747 1370 1001 1058 870 640 903 720 
964 855 1020 1041 1153 1397 1071 901 1210 1007 1041 1541 805 
903 768 1196 1106 971 708 1134 1023 847 1733 1164 1301 1169 
1666 866 1395 767 1171 1466 1084 1243 1358 454 616 1438 715 
1708 786 1492 1515 976 978 901 1153 1165 954 1455 1336 934 
489 985 1089 1336 1044 782 730 975 1909 1194 1389 998 1012 
1459 354 716 699 1025 1287 1045 872 1613 975 1210 1158 1379 

960 1234 440 710 1177 838 907 693 1447 1259 1275 1247 1581 
718 1352 919 884 895 463 594 1072 890 1039 1024 772 799 
1150 730 1247 1327 935 611 1275 810 789 1324 421 1079 1341 
422 984 1454 519 1242 994 747 1048 1061 810 1028 1613 664 
1009 1230 407 904 821 741 839 1054 1236 806 973 982 1057 
657 665 1195 756 1391 1293 1137 726 805 1227 1483 1347 524 
1180 1050 971 1276 880 814 1327 798 1027 1040 1105 924 1354 
588 1888 1760 669 1325 1501 1062 1760 779 1192 1124 953 1431 
1005 1072 661 1533 977 1100 911 790 811 1438 1043 1153 1217 
1204 1237 857 937 730 899 997 1006 1366 1438 632 910 1045 
925 584 1437 1451 867 1053 999 705 900 869 1464 1474 1090 
1228 1049 943 944 836 1495 883 940 935 1092 598 1178 974 
967 522 1036 551 325 915 486 958 1138 1228 1020 619 895 

221 519 595 495 641 1084 422 237 819 691 561 1027 994 
301 1220 780 463 783 296 909 1173 428 789 322 699 503 
967 951 965 638 831 597 950 667 1015 553 698 1044 883 
852 696 1005 323 477 986 492 853 577 598 874 692 547 
783 587 1014 879 455 539 512 769 760 646 1314 961 527 
471 552 997 383 1087 562 881 298 794 771 903 469 621 
525 913 463 642 737 348 823 388 437 87 261 630 976 
256 658 1210 515 753 524 524 611 628 299 420 797 516 
962 791 527 1099 234 784 352 460 766 613 858 678 469 
985 932 610 834 784 655 626 758 46 616 426 816 656 
1023 729 928 542 278 1111 680 497 571 532 1300 533 769 
714 634 471 581 781 737 918 486 942 822 685 510 211 
34 410 235 450 980 305 282 805 844 345 645 196 796 

