338 232 60 233 50 -32 31 97 194 117 167 312 127 
-68 -79 4 -14 210 85 159 70 260 377 14 287 265 
146 231 152 236 42 246 305 -44 -38 289 -116 -57 -37 
-59 -115 -57 217 -67 183 340 504 -50 -75 103 162 318 
51 97 172 262 -20 386 -11 9 36 278 171 413 177 
293 393 250 349 77 183 -43 80 215 85 521 -22 -79 
31 61 452 -50 -28 -207 87 113 170 24 -70 34 -51 
128 -63 230 103 207 227 -6 195 391 -50 67 158 276 
-2 237 200 57 206 206 12 50 -22 124 333 -159 269 
62 357 106 35 23 26 246 71 182 173 -66 147 245 
44 110 349 221 292 20 164 14 276 82 223 332 159 
377 290 141 256 20 50 63 231 136 122 5 373 225 
101 106 404 -26 156 69 72 92 398 193 169 -254 104 

273 97 136 136 76 -157 126 214 353 272 197 369 -16 
404 168 85 314 128 102 66 205 -122 293 23 238 249 
55 310 272 126 281 170 398 -75 -91 336 286 118 16 
122 89 108 79 91 180 376 401 31 41 193 230 268 
207 215 258 176 216 180 168 37 23 174 12 104 229 
238 262 317 218 151 150 125 244 -95 34 177 134 -114 
244 58 30 184 35 107 227 -49 457 258 218 147 28 
-47 95 5 -8 -1 69 246 186 266 216 87 355 263 
164 352 166 -95 88 405 219 299 51 151 241 -132 7 
38 89 146 111 158 137 -47 150 127 295 113 150 216 
82 204 57 167 131 3 74 143 70 78 322 -56 214 
258 283 380 12 16 112 46 150 198 233 49 206 23 
146 102 215 198 61 191 217 136 336 27 216 -103 265 

269 228 346 175 224 -74 84 266 266 153 249 244 329 
29 35 221 165 367 299 369 -45 35 255 211 -1 454 
-9 353 352 356 142 227 260 -29 50 292 219 -137 143 
247 20 120 111 156 461 210 404 210 41 36 154 166 
366 260 76 140 339 215 143 32 237 445 106 135 229 
177 73 63 63 63 157 -11 449 73 95 254 5 61 
182 -93 274 17 92 130 225 -69 306 -45 154 173 36 
142 -75 305 -29 -36 199 275 49 571 359 214 89 282 
244 130 257 93 32 188 402 -80 197 283 7 416 30 
166 120 149 -36 -26 402 63 313 186 378 117 413 332 
118 145 364 215 440 -135 188 305 246 -11 125 198 366 
90 381 -41 246 202 101 -51 37 251 -114 20 156 30 
-96 241 304 143 -156 155 120 259 284 326 65 45 289 

162 208 524 368 385 167 229 397 176 71 416 283 336 
59 33 367 75 345 315 426 367 485 586 237 401 276 
433 411 187 415 138 170 302 305 311 362 250 288 93 
254 343 332 494 25 156 382 111 250 374 250 -38 204 
382 506 454 281 267 319 98 319 269 494 197 226 222 
279 127 509 443 216 -34 243 374 214 205 335 -22 219 
330 136 531 188 246 269 -113 125 263 130 277 297 243 
314 -51 74 231 141 320 -18 261 263 299 351 -208 404 
661 380 287 85 186 201 299 68 327 360 303 336 393 
-35 -93 132 427 357 189 336 299 424 201 285 -200 274 
215 322 364 330 389 74 166 146 -32 8 253 355 183 
149 403 144 356 330 -105 280 418 -140 339 184 266 150 
114 183 46 301 93 50 380 359 216 202 203 219 269 

-66 136 525 217 404 89 199 319 319 -37 196 309 400 
195 163 263 -90 286 138 222 252 262 334 249 129 249 
149 268 378 489 135 242 385 305 178 338 368 206 248 
157 76 96 84 68 432 84 359 63 69 54 181 173 
440 354 399 90 309 356 42 250 378 155 236 142 190 
-15 155 265 74 219 108 280 443 284 -87 -18 164 33 
248 -155 441 -16 194 51 36 282 402 221 131 216 180 
70 -86 234 23 242 66 220 86 69 227 138 57 133 
331 11 272 184 31 129 312 133 318 288 73 275 198 
15 86 115 204 452 -73 -119 183 239 199 -5 250 269 
233 151 338 202 207 126 200 472 166 19 38 234 442 
122 303 214 226 191 140 86 56 -189 19 38 379 243 
-126 293 194 -143 11 102 303 432 173 276 153 261 297 

463 114 415 508 486 438 457 398 367 407 69 457 42 
192 220 370 75 324 279 284 349 504 482 386 551 282 
424 339 414 324 348 315 397 286 120 91 327 181 223 
247 407 369 269 298 432 143 345 218 535 339 170 206 
522 159 459 45 375 214 327 99 346 526 209 81 344 
417 173 196 316 276 191 211 161 223 298 307 405 464 
366 229 170 279 361 264 176 79 146 287 39 32 174 
284 144 428 369 140 235 239 470 281 82 344 350 434 
583 231 218 89 229 450 0 269 256 397 449 81 232 
251 247 330 151 189 360 252 312 320 61 43 175 397 
70 62 204 228 320 297 139 212 251 346 306 125 403 
172 444 244 332 387 293 234 339 272 232 178 93 410 
106 78 623 212 100 305 270 138 231 139 426 248 216 

-49 192 187 -185 250 80 94 9 180 211 176 338 266 
159 146 -151 -6 -46 288 -38 118 86 -72 19 149 105 
-144 -90 -13 113 -58 13 80 150 10 58 83 113 40 
15 -2 -144 366 221 18 101 140 230 123 87 90 44 
304 12 125 -17 122 63 1 57 157 109 85 124 274 
-38 -73 -174 255 -29 274 65 101 158 240 -65 103 10 
204 255 -41 -73 161 -98 14 55 13 -109 7 157 123 
-44 76 122 18 -91 121 151 162 179 218 174 -88 123 
120 -45 189 -21 18 101 114 254 -159 297 -77 145 52 
-111 1 168 227 64 136 -30 40 179 166 102 63 80 
137 -90 58 134 135 -113 -79 312 117 135 136 213 -3 
354 104 142 357 -12 -254 230 165 3 116 24 363 102 
32 32 108 253 168 158 29 156 119 233 -63 120 369 

-76 165 142 261 18 128 131 92 54 191 -21 44 -122 
215 307 187 -220 147 200 -14 165 -130 184 84 247 172 
118 52 139 317 301 165 160 48 57 128 -6 135 202 
66 344 44 265 308 209 54 84 65 137 27 -10 42 
331 92 330 123 192 -47 -152 88 172 -65 156 120 112 
244 18 165 40 43 72 153 -333 423 288 216 176 153 
174 163 235 41 -92 135 299 2 -5 271 -107 23 293 
134 181 138 -112 299 251 251 130 57 135 176 96 6 
51 73 77 251 127 148 -56 35 75 -141 158 77 284 
80 19 132 154 239 8 150 -19 45 204 199 199 -141 
32 122 261 105 27 107 143 12 150 173 -53 -8 43 
246 -71 247 -117 200 237 192 121 7 112 116 192 221 
116 42 283 251 83 264 71 43 -63 254 82 -29 191 

-8 -8 140 255 330 76 106 221 329 162 252 112 491 
69 156 139 206 290 276 301 283 415 186 93 174 286 
354 265 177 133 352 198 85 178 188 108 102 110 166 
162 163 295 -79 20 247 323 -1 -62 143 150 54 11 
183 77 361 78 184 372 90 82 31 357 121 200 133 
158 42 253 93 181 -51 430 382 236 108 158 -21 114 
177 31 292 306 339 152 36 59 116 298 35 -136 21 
-68 37 -29 78 124 -13 29 28 19 138 180 114 119 
295 2 251 327 60 66 311 154 188 381 175 30 151 
157 261 179 151 17 -98 169 123 -61 -139 158 110 179 
7 44 -24 -59 138 278 -94 90 -230 8 240 304 264 
235 387 -43 375 7 52 129 294 202 213 195 174 175 
-24 99 175 164 -44 4 207 -172 278 345 358 32 -11 

42 1 183 117 135 168 18 321 233 194 96 165 -76 
130 -7 173 16 394 9 -57 2 65 -5 79 185 301 
10 -146 119 48 414 279 119 65 106 103 145 263 -206 
218 35 -7 185 251 37 205 1 141 118 140 -99 54 
272 0 136 108 287 -230 18 58 240 41 17 -47 244 
164 145 -31 68 31 322 122 -206 302 314 33 81 99 
194 184 123 165 23 308 60 22 205 134 186 265 97 
29 114 -9 -118 -126 252 -22 243 229 149 168 125 222 
132 71 29 260 234 284 177 176 -23 -65 -20 270 -2 
-29 40 234 0 126 228 68 -20 -151 48 220 85 116 
143 -29 -84 37 288 16 80 131 237 140 266 91 176 
143 -29 8 60 34 208 -94 220 274 29 -16 142 197 
14 98 131 334 248 170 187 101 -130 54 117 32 104 

25 123 -93 194 59 186 -90 167 -4 -79 -108 20 -104 
-224 -155 -81 -37 191 -167 87 106 -52 119 151 25 -218 
167 8 62 -28 -42 -41 3 122 -62 -116 -316 -134 -39 
33 41 -19 -114 -160 -38 -41 44 -159 28 -135 -15 -213 
-168 120 -193 -152 -144 4 147 -38 -35 -118 111 -76 -96 
76 162 44 -249 38 25 -172 -114 -49 -55 -10 31 -51 
-95 -161 -37 -138 7 -28 170 74 -82 17 106 41 -381 
-107 -20 -92 -47 -203 177 -303 51 54 -135 -11 -30 91 
0 4 -113 53 17 -66 -115 -176 46 -8 69 -119 -89 
47 42 -32 -112 -130 234 62 -57 -20 -156 -52 1 106 
-169 -28 -154 -88 -54 130 59 -132 -146 127 14 -97 107 
-173 -105 -115 -140 -121 69 -189 75 -129 32 38 89 37 
-78 -110 80 -105 15 95 -30 -63 24 -43 142 -1 -266 

142 260 488 184 110 223 77 400 435 379 338 619 464 
269 236 351 114 258 568 149 387 357 204 259 402 308 
443 243 370 272 438 262 104 340 354 171 102 541 459 
124 113 278 231 184 319 328 248 148 388 256 294 343 
465 251 409 190 106 443 219 -13 293 312 175 261 359 
206 330 192 359 168 434 381 442 450 403 67 149 149 
301 122 311 167 257 0 314 441 325 612 144 203 291 
140 61 105 356 204 157 144 277 216 310 282 321 51 
153 175 446 169 218 465 333 502 139 616 262 310 229 
308 502 220 162 442 323 182 270 532 377 -121 265 350 
35 90 180 247 384 278 -41 187 129 144 448 570 349 
292 428 386 515 367 137 457 140 120 433 298 601 360 
347 185 550 462 183 451 351 75 537 443 234 -45 464 

269 451 314 573 154 409 135 461 283 410 426 171 384 
265 140 176 281 380 631 162 384 507 529 363 354 402 
452 428 485 373 427 464 196 314 392 84 239 332 91 
449 326 249 468 490 476 191 336 460 505 391 300 188 
582 521 538 383 324 493 149 399 368 405 128 162 395 
487 288 343 477 157 228 458 432 169 478 218 232 546 
295 328 94 108 176 512 312 405 306 210 204 304 393 
356 65 451 270 337 270 268 271 189 328 475 451 240 
-27 360 378 315 155 504 343 586 417 72 604 87 332 
326 110 207 306 633 415 148 344 598 420 269 219 491 
288 282 321 460 277 332 58 263 263 111 209 264 533 
332 503 465 158 365 172 444 327 228 227 410 300 133 
442 371 646 481 235 256 578 537 353 277 196 215 398 

208 -21 385 149 20 200 130 307 125 152 -25 223 192 
173 218 203 234 78 189 162 176 183 -30 108 49 158 
13 293 284 69 302 -73 85 151 32 22 203 48 207 
186 26 98 27 86 127 21 166 -97 222 -78 444 93 
179 18 165 28 -52 95 44 161 74 321 182 61 312 
231 25 -124 244 61 -113 112 249 137 211 -128 178 14 
100 -33 128 239 311 9 -57 305 371 158 -86 -131 -89 
91 66 190 115 7 22 111 165 66 90 67 -72 21 
22 -68 104 123 -12 320 103 12 258 2 262 254 99 
104 303 74 -23 -13 124 27 18 280 -71 36 339 133 
95 68 -172 -150 263 176 -142 172 99 237 99 100 242 
135 261 -71 105 47 53 286 -156 155 235 56 108 172 
69 180 257 245 -138 191 79 80 330 52 230 272 -37 

201 256 300 516 378 320 169 408 622 335 -33 359 178 
178 24 365 150 494 289 214 323 274 320 340 456 278 
177 260 383 317 248 349 99 313 201 200 97 257 72 
335 342 336 263 456 381 -49 334 255 238 300 108 90 
409 327 260 289 301 349 61 305 461 255 50 434 410 
542 82 4 237 235 228 362 453 399 302 117 303 416 
374 365 35 -48 281 322 153 80 252 162 244 88 439 
104 209 366 176 268 259 317 286 240 299 455 352 340 
187 164 76 269 238 190 158 133 26 353 331 356 195 
73 229 74 39 246 81 85 219 134 292 234 330 236 
86 299 271 364 554 270 -19 407 10 105 316 254 349 
317 464 330 430 72 107 34 0 96 107 352 94 13 
369 292 518 175 235 145 227 411 235 468 105 33 181 

177 159 387 84 432 213 231 249 358 284 174 343 236 
197 395 291 128 283 449 558 177 155 348 389 244 180 
267 347 188 442 167 255 388 132 332 189 132 27 416 
269 74 311 159 264 410 229 302 270 290 157 83 156 
237 94 142 291 338 112 202 154 96 598 16 63 408 
234 218 192 162 229 157 203 609 162 162 300 -70 253 
166 15 201 18 276 224 377 -67 184 223 91 75 165 
57 52 95 104 78 212 189 231 341 254 329 -56 127 
162 284 402 174 -49 210 480 322 114 543 93 77 -6 
307 351 121 -17 89 236 275 140 299 171 97 515 281 
166 167 316 176 325 307 112 115 -86 33 20 85 210 
-112 389 162 283 191 -87 191 255 45 397 120 289 9 
293 172 357 231 137 200 142 34 116 523 166 226 281 

150 290 88 424 118 295 331 122 315 305 140 -10 21 
316 130 14 -19 331 149 -66 373 234 287 4 464 -35 
202 123 298 121 181 351 252 85 125 332 183 232 -8 
37 152 106 402 -64 329 190 127 -137 259 356 220 12 
87 40 375 102 134 480 63 98 264 44 286 355 99 
185 117 261 522 321 157 139 -153 306 -4 81 -10 -138 
163 271 217 13 214 -67 183 50 156 157 42 206 211 
73 188 127 124 250 165 58 108 -98 -104 459 365 307 
-28 199 83 232 81 45 51 391 173 -63 523 40 328 
-161 110 333 341 236 84 49 27 141 128 292 38 102 
361 221 171 50 33 331 -77 18 -229 -17 241 123 148 
221 1 262 200 200 -20 230 192 90 184 131 325 259 
85 -21 313 315 242 267 284 259 331 208 56 16 104 

70 198 360 141 171 294 66 178 266 -3 58 395 225 
101 47 299 108 201 47 224 306 119 217 89 376 -59 
222 -2 -61 44 118 182 -27 372 239 361 -32 314 -120 
98 101 215 379 248 -27 183 151 43 93 -63 -139 105 
226 266 102 8 41 128 36 183 178 8 202 99 397 
301 305 276 193 143 56 263 101 488 269 -79 132 12 
121 194 305 -22 436 24 -28 212 277 136 143 400 57 
159 229 81 246 76 281 -4 222 4 299 293 -19 362 
245 51 231 -80 251 198 197 243 225 282 196 184 9 
-148 134 124 180 249 40 34 70 248 166 130 109 80 
286 41 88 -112 19 247 101 398 -166 178 162 297 218 
106 163 243 168 -78 -13 146 375 -65 344 41 388 8 
152 187 -144 208 104 32 123 394 -12 96 -37 86 -62 

176 182 365 240 187 258 24 480 213 182 61 290 191 
256 121 228 140 333 213 231 28 358 243 291 207 289 
-245 183 247 192 337 213 171 83 28 186 164 100 26 
193 77 -31 159 445 235 14 312 170 225 178 223 185 
332 141 324 338 235 -14 39 154 275 410 191 177 430 
204 -129 10 340 50 147 8 284 341 156 180 125 165 
366 237 106 78 212 168 54 119 162 -151 -8 110 416 
184 113 395 27 161 127 318 235 364 408 212 -40 160 
-44 149 224 370 108 165 208 116 123 52 86 475 347 
70 265 147 223 327 265 32 239 165 290 87 191 248 
302 232 207 267 405 -22 67 311 453 94 124 302 159 
225 379 -52 224 322 2 290 64 194 101 264 266 237 
93 320 456 297 181 57 119 444 334 257 247 83 385 

62 -24 391 473 470 386 187 583 471 -6 22 629 304 
312 -49 493 185 562 242 343 344 482 420 462 627 88 
368 182 211 292 342 339 216 413 219 173 254 520 162 
115 95 305 80 336 39 124 372 279 276 152 113 215 
236 335 133 346 213 52 218 298 255 359 174 258 591 
409 224 286 257 323 234 219 207 479 232 135 47 245 
411 49 246 285 247 242 210 340 352 274 204 310 307 
215 195 33 204 63 185 136 467 562 323 366 145 436 
138 328 252 439 427 202 222 339 105 414 141 311 225 
249 423 103 95 480 263 252 265 419 224 -54 219 390 
225 148 271 286 428 305 154 320 261 250 284 420 470 
49 443 181 356 372 134 302 302 211 393 299 299 434 
356 514 446 175 382 159 327 314 50 245 136 156 122 

81 176 -74 -40 -37 153 -61 303 117 254 186 124 113 
-51 82 79 130 104 117 288 -15 210 -98 223 6 -217 
159 123 62 151 30 278 171 157 173 42 -38 211 65 
166 -124 -94 250 52 78 117 178 264 -95 -79 106 198 
-259 112 -87 171 366 -68 1 217 34 126 95 109 213 
77 144 159 -31 119 139 16 14 94 70 119 -39 73 
-24 -38 -37 50 302 81 275 -55 434 -42 19 98 71 
48 113 -296 -72 -26 123 154 125 473 301 41 -157 136 
-32 0 42 382 13 -153 415 222 162 -61 -139 126 -114 
224 118 -63 -39 -27 60 207 -69 406 -25 -121 476 -125 
223 23 -32 160 -9 224 236 0 -134 -68 -168 43 114 
-379 -161 -138 225 281 206 -63 178 120 398 -95 71 92 
285 207 -136 92 185 216 -87 131 -164 163 217 316 190 

-193 -76 334 227 5 201 -241 263 52 -128 85 -79 51 
129 0 210 230 206 78 57 -44 116 138 114 76 8 
102 203 183 -53 267 137 -29 85 216 8 141 -30 -63 
422 -53 -25 49 3 126 -140 32 267 -75 -91 -227 187 
226 310 -142 78 70 -118 -120 143 200 69 36 140 218 
447 125 203 -170 134 -141 111 -60 -113 287 86 63 264 
5 -174 141 364 213 213 -6 106 445 68 -82 -30 34 
108 -106 -43 -9 112 6 407 16 218 215 -27 -126 98 
-74 91 0 255 157 74 413 -18 44 20 -88 409 -89 
274 -74 205 142 282 -21 110 205 196 252 -54 354 40 
198 271 -84 218 200 166 208 -32 26 12 -146 44 250 
-124 62 -56 97 268 230 -47 31 72 -36 126 1 36 
-99 240 11 59 0 44 38 275 -141 43 35 29 -95 

-2 143 71 397 245 173 196 4 191 80 72 105 104 
88 -237 86 -105 169 197 130 -83 240 402 245 267 -6 
221 358 165 184 -63 109 197 221 207 38 118 189 -58 
19 269 284 233 207 95 76 -94 77 228 217 105 -59 
233 255 374 172 235 131 -21 -16 148 125 -39 255 -49 
110 61 150 400 354 92 108 10 280 76 163 -133 88 
290 279 184 83 -98 -47 7 -12 -139 186 -58 86 407 
204 258 180 188 17 7 -73 -58 116 -113 93 327 209 
99 80 -10 107 113 28 -238 263 179 141 230 -14 289 
-191 -99 -1 150 198 159 224 207 49 -55 218 -208 340 
-73 157 308 296 78 63 -89 -43 193 -114 -17 229 262 
216 159 197 283 187 -236 184 234 0 68 297 251 240 
178 72 434 234 163 62 89 99 294 10 -6 24 98 

-229 3 -29 123 39 195 41 42 176 -130 51 -26 186 
38 -504 -300 217 -33 -14 8 320 181 199 44 190 -165 
184 195 236 31 -225 163 -80 207 274 -9 -63 260 105 
24 140 334 71 155 132 -56 -69 195 129 145 164 -68 
-73 127 65 126 -243 197 -190 190 122 -77 -237 114 132 
85 62 17 190 288 234 214 68 130 9 -126 -195 49 
130 115 5 92 394 -141 124 142 -118 171 205 2 178 
-175 201 -171 38 179 -220 -220 -46 -160 113 48 387 56 
-75 317 -43 47 50 80 -122 274 166 84 225 -17 -232 
-55 -173 83 -21 -34 46 273 189 25 -247 168 90 227 
161 131 78 49 -135 396 -204 -75 -130 -174 117 36 110 
92 165 126 226 -114 -224 239 95 -74 492 257 184 36 
411 -66 167 -96 -18 -33 -103 -186 218 50 22 112 53 

77 98 172 218 55 217 4 129 231 189 -8 179 63 
81 -166 143 -45 15 142 -53 81 160 239 209 156 47 
18 168 116 -156 151 166 169 283 200 39 227 24 -93 
76 144 -85 209 241 61 22 123 75 172 174 192 292 
307 273 165 37 277 -175 118 71 106 166 153 101 113 
216 22 -93 169 312 109 37 146 141 129 174 164 144 
347 261 -89 57 73 -64 -111 8 206 21 -164 -15 296 
208 316 278 16 130 156 345 30 266 164 48 160 259 
49 84 17 -48 129 49 90 168 -15 157 93 282 -147 
-173 -76 160 170 128 157 47 269 270 29 7 72 60 
188 310 116 245 156 -121 -44 275 173 141 -43 33 194 
76 199 204 164 134 -231 108 82 157 128 142 177 -49 
105 19 248 139 -32 131 -53 192 285 -28 94 51 247 

-44 18 102 133 134 144 29 64 208 74 -132 -244 -82 
-61 -1 -122 -175 105 -190 8 151 -20 45 59 42 -76 
159 100 96 106 21 171 103 296 159 -39 -20 -70 250 
-113 206 -150 -75 102 43 -69 -98 -12 106 -129 -18 -262 
111 -94 113 -92 -70 -73 -156 138 53 45 -117 59 -205 
30 -233 -91 -91 256 48 -22 44 208 13 -202 -34 168 
99 -12 -70 -222 83 -23 46 63 -174 180 -3 -169 106 
35 115 -53 -185 121 -79 60 -80 73 11 79 148 102 
73 -64 -77 53 -179 -155 -206 -167 36 53 5 237 125 
-45 -162 23 93 -214 43 101 -77 -59 -67 84 124 -188 
77 169 -5 -55 7 73 -89 -35 -81 184 -221 -3 48 
-157 72 -24 -134 -178 -64 65 -196 -25 119 173 -131 -34 
-82 -65 56 -139 -157 231 -15 -15 100 46 -122 12 -41 

47 -9 373 369 184 98 366 378 168 -43 157 372 32 
94 306 500 243 425 250 130 204 -4 406 205 489 332 
257 335 157 546 200 96 285 385 163 214 146 263 472 
306 218 385 100 290 116 185 274 239 209 -143 135 157 
599 216 247 118 296 136 -27 190 -6 238 60 14 252 
187 94 449 -119 103 -56 238 236 277 265 -111 328 141 
75 -235 462 327 261 428 280 206 277 114 131 230 126 
72 94 63 309 329 -54 304 350 338 403 219 -61 122 
480 137 168 152 211 458 195 176 341 230 402 299 159 
132 -46 156 188 72 121 110 169 302 164 107 158 203 
270 182 363 -8 227 181 307 62 106 125 105 -20 127 
-37 371 -4 -71 379 417 105 221 -59 379 -75 72 259 
162 531 166 140 -77 150 166 209 200 82 226 183 114 

118 -50 225 168 -34 123 -35 280 198 269 205 4 -98 
53 16 141 187 221 145 85 70 15 168 -35 54 173 
-32 259 145 176 76 173 183 18 239 169 49 84 -44 
293 66 -19 213 197 231 233 86 265 142 154 -82 212 
287 35 70 203 276 -151 -106 195 260 49 -155 49 44 
35 233 141 -127 143 238 190 174 35 227 48 164 36 
-40 212 177 140 118 387 168 53 252 -34 58 165 419 
-87 -1 240 25 101 175 48 168 122 189 116 224 -66 
62 182 167 -3 243 210 107 202 -12 135 -93 240 -59 
309 -214 109 240 293 -8 81 89 68 31 1 297 -73 
297 192 -9 201 117 55 250 230 52 -189 65 -76 185 
184 50 400 238 67 209 -53 175 189 43 120 12 -8 
280 215 35 -163 155 -4 47 140 -66 86 82 48 307 

164 308 133 307 240 128 181 428 267 288 209 540 470 
-41 251 230 75 406 375 93 151 315 254 164 279 251 
232 199 230 308 212 -21 255 104 19 111 59 54 205 
389 42 5 140 -19 358 102 226 187 221 296 149 207 
196 358 162 87 268 422 343 152 290 305 417 253 137 
146 231 127 201 78 69 67 315 208 161 437 204 326 
193 10 208 80 -18 244 223 237 495 307 185 113 58 
114 -33 331 148 -95 406 193 254 286 69 291 40 266 
180 70 91 270 108 43 208 220 79 415 125 54 323 
237 227 162 197 590 168 167 200 387 243 63 362 292 
-137 -21 161 271 522 126 154 219 68 187 341 329 389 
249 229 204 298 247 313 201 127 43 62 -81 357 153 
135 401 465 50 499 328 392 276 201 358 139 183 222 

105 107 -128 -67 146 -54 139 -113 111 411 288 110 50 
12 -85 -261 -138 -92 71 87 141 235 -66 237 -103 -120 
349 167 316 61 -117 97 321 269 277 -214 86 -7 62 
137 168 37 67 63 364 3 60 72 -16 107 9 -55 
37 -67 208 183 166 -28 -107 215 72 95 -155 135 -233 
-129 39 -121 43 300 115 271 206 -107 -154 108 95 391 
93 87 -123 -187 95 171 156 -145 -36 382 32 -247 180 
-131 15 -38 14 38 -206 -133 -3 45 3 -41 300 -5 
237 139 8 -45 -249 -19 -108 190 -2 62 109 -160 90 
-119 50 1 -73 -159 -34 343 -18 103 -209 144 46 -42 
-151 64 25 423 -63 165 -6 45 13 -234 -56 70 187 
112 -46 135 301 -36 28 52 132 -204 271 169 97 -28 
321 -215 57 -62 21 223 -131 -189 116 100 93 184 437 

229 -74 -4 296 65 304 82 154 127 92 -166 -105 110 
14 32 109 125 -52 31 179 255 222 250 185 -3 16 
70 69 103 -63 231 5 67 -68 11 34 163 -47 72 
80 31 -3 -108 38 100 61 239 -83 172 104 155 240 
87 -7 1 79 27 -57 181 -54 168 130 304 -188 178 
48 34 46 -47 33 -33 71 128 76 -99 150 342 72 
117 229 -288 -88 -7 135 -9 177 -38 -302 -93 -160 -94 
207 94 305 139 151 223 93 159 -72 -49 -24 -15 72 
83 54 126 140 294 3 -123 -127 -210 -31 119 -45 -64 
161 105 -3 -93 -4 95 -119 105 -8 -200 -169 163 64 
150 29 -167 -140 -6 117 90 209 144 282 22 -125 118 
-137 155 78 -56 38 148 82 19 393 64 59 -134 96 
-136 -84 157 -170 19 -169 84 28 -155 -7 188 125 52 

